Prova	Episode	Reward
0	1	-1
1	3	1
2	1	-1
3	1	-1
4	1	-1
5	1	-1
6	1	-1
7	1	-1
8	1	-1
9	1	-1
10	1	-1
11	1	-1
12	1	-1
13	1	-1
14	1	-1
15	1	-1
16	4	2
17	1	-1
18	1	-1
19	1	-1
20	1	-1
21	1	-1
22	1	-1
23	1	-1
24	1	-1
25	1	-1
26	1	-1
27	3	1
28	3	1
29	1	-1
30	3	1
31	1	-1
32	1	-1
33	1	-1
34	3	1
35	3	1
36	4	2
37	1	-1
38	1	-1
39	1	-1
40	1	-1
41	1	-1
42	16	14
43	1	-1
44	10	8
45	2	0
46	1	-1
47	1	-1
48	1	-1
49	1	-1
50	3	1
51	1	-1
52	11	9
53	1	-1
54	3	1
55	3	1
56	1	-1
57	8	6
58	1	-1
59	1	-1
60	2	0
61	2	0
62	1	-1
63	5	3
64	15	13
65	1	-1
66	1	-1
67	1	-1
68	5	3
69	1	-1
70	1	-1
71	11	9
72	1	-1
73	1	-1
74	1	-1
75	5	3
76	1	-1
77	8	6
78	4	2
79	1	-1
80	1	-1
81	1	-1
82	1	-1
83	6	4
84	1	-1
85	1	-1
86	9	7
87	1	-1
88	13	11
89	1	-1
90	24	22
91	1	-1
92	29	27
93	1	-1
94	24	22
95	1	-1
96	1	-1
97	1	-1
98	4	2
99	1	-1
100	19	17
101	6	4
102	1	-1
103	4	2
104	10	8
105	1	-1
106	4	2
107	1	-1
108	1	-1
109	1	-1
110	1	-1
111	20	18
112	1	-1
113	1	-1
114	6	4
115	1	-1
116	6	4
117	8	6
118	1	-1
119	16	14
120	1	-1
121	1	-1
122	1	-1
123	1	-1
124	2	0
125	3	1
126	2	0
127	10	8
128	1	-1
129	1	-1
130	3	1
131	6	4
132	7	5
133	10	8
134	4	2
135	1	-1
136	9	7
137	1	-1
138	3	1
139	1	-1
140	3	1
141	17	15
142	2	0
143	1	-1
144	1	-1
145	1	-1
146	1	-1
147	1	-1
148	1	-1
149	1	-1
150	1	-1
151	8	6
152	5	3
153	1	-1
154	5	3
155	1	-1
156	20	18
157	18	16
158	1	-1
159	1	-1
160	3	1
161	9	7
162	1	-1
163	1	-1
164	1	-1
165	14	12
166	1	-1
167	6	4
168	1	-1
169	2	0
170	1	-1
171	12	10
172	1	-1
173	1	-1
174	1	-1
175	8	6
176	1	-1
177	1	-1
178	1	-1
179	1	-1
180	1	-1
181	1	-1
182	14	12
183	1	-1
184	6	4
185	1	-1
186	1	-1
187	1	-1
188	9	7
189	8	6
190	1	-1
191	2	0
192	1	-1
193	1	-1
194	1	-1
195	1	-1
196	9	7
197	1	-1
198	4	2
199	2	0
200	4	2
201	1	-1
202	3	1
203	1	-1
204	1	-1
205	1	-1
206	1	-1
207	1	-1
208	18	16
209	1	-1
210	11	9
211	4	2
212	7	5
213	1	-1
214	11	9
215	9	7
216	1	-1
217	1	-1
218	1	-1
219	9	7
220	3	1
221	3	1
222	12	10
223	1	-1
224	9	7
225	1	-1
226	6	4
227	1	-1
228	1	-1
229	2	0
230	1	-1
231	3	1
232	3	1
233	1	-1
234	4	2
235	7	5
236	1	-1
237	1	-1
238	4	2
239	1	-1
240	23	21
241	3	1
242	9	7
243	13	11
244	11	9
245	2	0
246	2	0
247	1	-1
248	3	1
249	1	-1
Prova	Episode	Reward
0	11	9
1	6	4
2	1	-1
3	1	-1
4	1	-1
5	5	3
6	1	-1
7	12	10
8	5	3
9	1	-1
10	1	-1
11	2	0
12	3	1
13	1	-1
14	1	-1
15	12	10
16	9	7
17	1	-1
18	3	1
19	1	-1
20	1	-1
21	6	4
22	1	-1
23	1	-1
24	1	-1
25	1	-1
26	1	-1
27	18	16
28	12	10
29	1	-1
30	3	1
31	1	-1
32	1	-1
33	1	-1
34	1	-1
35	1	-1
36	28	26
37	8	6
38	1	-1
39	4	2
40	8	6
41	20	18
42	1	-1
43	8	6
44	77	75
45	1	-1
46	4	2
47	1	-1
48	1	-1
49	1	-1
50	5	3
51	1	-1
52	10	8
53	1	-1
54	1	-1
55	10	8
56	1	-1
57	14	12
58	1	-1
59	1	-1
60	1	-1
61	1	-1
62	1	-1
63	1	-1
64	1	-1
65	8	6
66	1	-1
67	1	-1
68	1	-1
69	1	-1
70	1	-1
71	1	-1
72	6	4
73	1	-1
74	1	-1
75	14	12
76	3	1
77	1	-1
78	1	-1
79	31	29
80	1	-1
81	1	-1
82	1	-1
83	1	-1
84	5	3
85	6	4
86	1	-1
87	1	-1
88	1	-1
89	1	-1
90	1	-1
91	1	-1
92	1	-1
93	1	-1
94	11	9
95	5	3
96	1	-1
97	30	28
98	1	-1
99	1	-1
100	17	15
101	1	-1
102	5	3
103	4	2
104	1	-1
105	15	13
106	1	-1
107	1	-1
108	18	16
109	3	1
110	1	-1
111	1	-1
112	1	-1
113	1	-1
114	1	-1
115	1	-1
116	1	-1
117	1	-1
118	25	23
119	4	2
120	17	15
121	1	-1
122	1	-1
123	36	34
124	2	0
125	6	4
126	1	-1
127	1	-1
128	1	-1
129	1	-1
130	1	-1
131	6	4
132	3	1
133	10	8
134	1	-1
135	1	-1
136	1	-1
137	1	-1
138	10	8
139	1	-1
140	1	-1
141	2	0
142	4	2
143	1	-1
144	1	-1
145	1	-1
146	6	4
147	25	23
148	5	3
149	1	-1
150	1	-1
151	4	2
152	1	-1
153	1	-1
154	1	-1
155	1	-1
156	6	4
157	4	2
158	1	-1
159	1	-1
160	1	-1
161	1	-1
162	1	-1
163	5	3
164	6	4
165	1	-1
166	1	-1
167	19	17
168	1	-1
169	1	-1
170	1	-1
171	1	-1
172	1	-1
173	1	-1
174	4	2
175	1	-1
176	1	-1
177	4	2
178	1	-1
179	1	-1
180	1	-1
181	9	7
182	1	-1
183	1	-1
184	1	-1
185	1	-1
186	3	1
187	28	26
188	1	-1
189	1	-1
190	6	4
191	3	1
192	6	4
193	1	-1
194	6	4
195	1	-1
196	1	-1
197	3	1
198	1	-1
199	10	8
200	13	11
201	1	-1
202	3	1
203	2	0
204	1	-1
205	1	-1
206	6	4
207	1	-1
208	1	-1
209	1	-1
210	8	6
211	8	6
212	1	-1
213	3	1
214	9	7
215	13	11
216	1	-1
217	1	-1
218	10	8
219	1	-1
220	1	-1
221	22	20
222	1	-1
223	13	11
224	2	0
225	1	-1
226	1	-1
227	1	-1
228	1	-1
229	1	-1
230	1	-1
231	1	-1
232	4	2
233	4	2
234	6	4
235	22	20
236	10	8
237	1	-1
238	1	-1
239	20	18
240	1	-1
241	16	14
242	52	50
243	1	-1
244	1	-1
245	1	-1
246	2	0
247	5	3
248	1	-1
249	1	-1
Prova	Episode	Reward
0	9	7
1	2	0
2	1	-1
3	23	21
4	24	22
5	3	1
6	3	1
7	1	-1
8	1	-1
9	1	-1
10	1	-1
11	1	-1
12	1	-1
13	1	-1
14	1	-1
15	3	1
16	7	5
17	1	-1
18	7	5
19	45	43
20	1	-1
21	1	-1
22	17	15
23	3	1
24	1	-1
25	1	-1
26	5	3
27	13	11
28	12	10
29	31	29
30	1	-1
31	1	-1
32	1	-1
33	1	-1
34	13	11
35	1	-1
36	1	-1
37	1	-1
38	1	-1
39	4	2
40	4	2
41	16	14
42	1	-1
43	26	24
44	9	7
45	5	3
46	1	-1
47	1	-1
48	1	-1
49	1	-1
50	1	-1
51	1	-1
52	1	-1
53	4	2
54	4	2
55	8	6
56	16	14
57	21	19
58	14	12
59	8	6
60	1	-1
61	7	5
62	26	24
63	6	4
64	1	-1
65	7	5
66	58	56
67	8	6
68	3	1
69	2	0
70	1	-1
71	14	12
72	4	2
73	3	1
74	3	1
75	1	-1
76	1	-1
77	4	2
78	1	-1
79	13	11
80	1	-1
81	1	-1
82	4	2
83	22	20
84	10	8
85	1	-1
86	1	-1
87	22	20
88	1	-1
89	28	26
90	8	6
91	13	11
92	1	-1
93	1	-1
94	1	-1
95	1	-1
96	1	-1
97	11	9
98	1	-1
99	6	4
100	3	1
101	1	-1
102	1	-1
103	9	7
104	6	4
105	1	-1
106	1	-1
107	1	-1
108	1	-1
109	1	-1
110	1	-1
111	1	-1
112	15	13
113	1	-1
114	1	-1
115	1	-1
116	1	-1
117	16	14
118	3	1
119	1	-1
120	1	-1
121	5	3
122	20	18
123	4	2
124	1	-1
125	4	2
126	1	-1
127	13	11
128	4	2
129	14	12
130	1	-1
131	1	-1
132	1	-1
133	7	5
134	1	-1
135	6	4
136	15	13
137	1	-1
138	1	-1
139	1	-1
140	61	59
141	1	-1
142	15	13
143	1	-1
144	1	-1
145	1	-1
146	3	1
147	1	-1
148	1	-1
149	1	-1
150	27	25
151	6	4
152	5	3
153	1	-1
154	1	-1
155	1	-1
156	4	2
157	9	7
158	1	-1
159	44	42
160	8	6
161	1	-1
162	18	16
163	1	-1
164	7	5
165	1	-1
166	1	-1
167	1	-1
168	3	1
169	3	1
170	9	7
171	28	26
172	1	-1
173	1	-1
174	1	-1
175	9	7
176	1	-1
177	1	-1
178	1	-1
179	1	-1
180	11	9
181	3	1
182	1	-1
183	4	2
184	1	-1
185	1	-1
186	1	-1
187	1	-1
188	1	-1
189	9	7
190	1	-1
191	1	-1
192	1	-1
193	1	-1
194	1	-1
195	25	23
196	15	13
197	4	2
198	2	0
199	1	-1
200	1	-1
201	12	10
202	1	-1
203	1	-1
204	1	-1
205	7	5
206	1	-1
207	12	10
208	15	13
209	6	4
210	1	-1
211	1	-1
212	6	4
213	6	4
214	1	-1
215	6	4
216	1	-1
217	1	-1
218	1	-1
219	10	8
220	4	2
221	7	5
222	1	-1
223	9	7
224	7	5
225	25	23
226	7	5
227	31	29
228	15	13
229	4	2
230	1	-1
231	11	9
232	3	1
233	17	15
234	1	-1
235	4	2
236	1	-1
237	4	2
238	1	-1
239	15	13
240	1	-1
241	15	13
242	1	-1
243	1	-1
244	4	2
245	1	-1
246	7	5
247	1	-1
248	9	7
249	1	-1
Prova	Episode	Reward
0	1	-1
1	1	-1
2	1	-1
3	1	-1
4	1	-1
5	4	2
6	1	-1
7	1	-1
8	1	-1
9	1	-1
10	1	-1
11	13	11
12	1	-1
13	1	-1
14	8	6
15	1	-1
16	33	31
17	1	-1
18	1	-1
19	1	-1
20	15	13
21	1	-1
22	3	1
23	1	-1
24	5	3
25	10	8
26	1	-1
27	1	-1
28	1	-1
29	9	7
30	1	-1
31	23	21
32	1	-1
33	1	-1
34	1	-1
35	3	1
36	8	6
37	1	-1
38	1	-1
39	1	-1
40	8	6
41	11	9
42	1	-1
43	1	-1
44	1	-1
45	1	-1
46	20	18
47	1	-1
48	1	-1
49	1	-1
50	7	5
51	59	57
52	1	-1
53	10	8
54	1	-1
55	33	31
56	1	-1
57	1	-1
58	1	-1
59	8	6
60	1	-1
61	1	-1
62	1	-1
63	1	-1
64	1	-1
65	1	-1
66	2	0
67	11	9
68	12	10
69	6	4
70	1	-1
71	1	-1
72	1	-1
73	1	-1
74	1	-1
75	13	11
76	1	-1
77	8	6
78	1	-1
79	1	-1
80	1	-1
81	6	4
82	4	2
83	4	2
84	1	-1
85	1	-1
86	1	-1
87	3	1
88	35	33
89	5	3
90	8	6
91	3	1
92	3	1
93	10	8
94	1	-1
95	1	-1
96	14	12
97	1	-1
98	1	-1
99	1	-1
100	1	-1
101	1	-1
102	1	-1
103	1	-1
104	1	-1
105	11	9
106	1	-1
107	4	2
108	1	-1
109	1	-1
110	1	-1
111	1	-1
112	1	-1
113	1	-1
114	1	-1
115	63	61
116	1	-1
117	1	-1
118	1	-1
119	1	-1
120	11	9
121	1	-1
122	1	-1
123	1	-1
124	16	14
125	2	0
126	1	-1
127	3	1
128	8	6
129	4	2
130	1	-1
131	1	-1
132	6	4
133	1	-1
134	5	3
135	1	-1
136	5	3
137	1	-1
138	1	-1
139	21	19
140	1	-1
141	20	18
142	1	-1
143	12	10
144	10	8
145	13	11
146	1	-1
147	1	-1
148	12	10
149	15	13
150	1	-1
151	2	0
152	1	-1
153	4	2
154	4	2
155	44	42
156	9	7
157	3	1
158	1	-1
159	2	0
160	1	-1
161	20	18
162	1	-1
163	6	4
164	1	-1
165	1	-1
166	1	-1
167	1	-1
168	1	-1
169	1	-1
170	1	-1
171	1	-1
172	1	-1
173	1	-1
174	1	-1
175	10	8
176	1	-1
177	3	1
178	1	-1
179	1	-1
180	1	-1
181	1	-1
182	1	-1
183	1	-1
184	1	-1
185	1	-1
186	1	-1
187	3	1
188	1	-1
189	1	-1
190	1	-1
191	1	-1
192	1	-1
193	5	3
194	1	-1
195	1	-1
196	11	9
197	8	6
198	6	4
199	56	54
200	1	-1
201	1	-1
202	10	8
203	1	-1
204	7	5
205	9	7
206	1	-1
207	25	23
208	4	2
209	13	11
210	1	-1
211	1	-1
212	1	-1
213	26	24
214	1	-1
215	1	-1
216	1	-1
217	17	15
218	1	-1
219	5	3
220	5	3
221	4	2
222	1	-1
223	1	-1
224	1	-1
225	13	11
226	1	-1
227	1	-1
228	1	-1
229	1	-1
230	13	11
231	38	36
232	1	-1
233	8	6
234	1	-1
235	1	-1
236	1	-1
237	1	-1
238	1	-1
239	17	15
240	1	-1
241	1	-1
242	1	-1
243	1	-1
244	13	11
245	1	-1
246	1	-1
247	1	-1
248	1	-1
249	1	-1
Prova	Episode	Reward
0	17	15
1	7	5
2	1	-1
3	1	-1
4	16	14
5	1	-1
6	23	21
7	4	2
8	1	-1
9	1	-1
10	7	5
11	1	-1
12	8	6
13	6	4
14	7	5
15	6	4
16	1	-1
17	18	16
18	21	19
19	12	10
20	1	-1
21	1	-1
22	2	0
23	16	14
24	1	-1
25	1	-1
26	1	-1
27	1	-1
28	5	3
29	1	-1
30	3	1
31	20	18
32	21	19
33	4	2
34	1	-1
35	4	2
36	13	11
37	12	10
38	9	7
39	29	27
40	5	3
41	11	9
42	5	3
43	1	-1
44	1	-1
45	15	13
46	9	7
47	6	4
48	1	-1
49	1	-1
50	24	22
51	1	-1
52	1	-1
53	3	1
54	3	1
55	1	-1
56	1	-1
57	1	-1
58	1	-1
59	1	-1
60	17	15
61	4	2
62	5	3
63	1	-1
64	1	-1
65	13	11
66	1	-1
67	18	16
68	1	-1
69	1	-1
70	1	-1
71	1	-1
72	31	29
73	12	10
74	9	7
75	8	6
76	1	-1
77	63	61
78	12	10
79	15	13
80	1	-1
81	1	-1
82	1	-1
83	1	-1
84	1	-1
85	1	-1
86	1	-1
87	1	-1
88	6	4
89	37	35
90	1	-1
91	9	7
92	1	-1
93	5	3
94	1	-1
95	1	-1
96	3	1
97	5	3
98	9	7
99	1	-1
100	10	8
101	1	-1
102	1	-1
103	18	16
104	4	2
105	1	-1
106	1	-1
107	1	-1
108	1	-1
109	4	2
110	1	-1
111	9	7
112	1	-1
113	1	-1
114	1	-1
115	1	-1
116	3	1
117	8	6
118	9	7
119	1	-1
120	1	-1
121	32	30
122	6	4
123	19	17
124	1	-1
125	11	9
126	8	6
127	26	24
128	8	6
129	1	-1
130	21	19
131	15	13
132	1	-1
133	11	9
134	15	13
135	3	1
136	1	-1
137	8	6
138	12	10
139	1	-1
140	13	11
141	1	-1
142	6	4
143	1	-1
144	1	-1
145	1	-1
146	1	-1
147	8	6
148	16	14
149	1	-1
150	7	5
151	1	-1
152	7	5
153	1	-1
154	1	-1
155	1	-1
156	1	-1
157	1	-1
158	6	4
159	1	-1
160	1	-1
161	1	-1
162	6	4
163	3	1
164	21	19
165	1	-1
166	5	3
167	1	-1
168	13	11
169	33	31
170	1	-1
171	28	26
172	1	-1
173	1	-1
174	1	-1
175	1	-1
176	15	13
177	73	71
178	1	-1
179	10	8
180	15	13
181	10	8
182	3	1
183	5	3
184	1	-1
185	1	-1
186	1	-1
187	25	23
188	43	41
189	24	22
190	12	10
191	20	18
192	15	13
193	3	1
194	11	9
195	33	31
196	1	-1
197	5	3
198	3	1
199	5	3
200	23	21
201	6	4
202	1	-1
203	3	1
204	1	-1
205	1	-1
206	9	7
207	13	11
208	1	-1
209	74	72
210	14	12
211	6	4
212	1	-1
213	1	-1
214	4	2
215	1	-1
216	1	-1
217	1	-1
218	11	9
219	21	19
220	3	1
221	1	-1
222	1	-1
223	31	29
224	1	-1
225	4	2
226	7	5
227	29	27
228	6	4
229	9	7
230	3	1
231	3	1
232	13	11
233	1	-1
234	2	0
235	1	-1
236	1	-1
237	1	-1
238	5	3
239	5	3
240	1	-1
241	4	2
242	1	-1
243	1	-1
244	1	-1
245	1	-1
246	1	-1
247	28	26
248	9	7
249	7	5
Prova	Episode	Reward
0	5	3
1	1	-1
2	1	-1
3	1	-1
4	1	-1
5	14	12
6	46	44
7	2	0
8	15	13
9	8	6
10	9	7
11	1	-1
12	1	-1
13	1	-1
14	1	-1
15	14	12
16	1	-1
17	1	-1
18	1	-1
19	1	-1
20	1	-1
21	6	4
22	6	4
23	10	8
24	9	7
25	2	0
26	1	-1
27	9	7
28	1	-1
29	4	2
30	1	-1
31	1	-1
32	1	-1
33	9	7
34	61	59
35	8	6
36	1	-1
37	1	-1
38	4	2
39	19	17
40	11	9
41	7	5
42	1	-1
43	18	16
44	1	-1
45	1	-1
46	23	21
47	2	0
48	6	4
49	3	1
50	1	-1
51	31	29
52	15	13
53	2	0
54	1	-1
55	1	-1
56	1	-1
57	6	4
58	1	-1
59	1	-1
60	1	-1
61	1	-1
62	1	-1
63	1	-1
64	24	22
65	5	3
66	1	-1
67	9	7
68	12	10
69	1	-1
70	1	-1
71	41	39
72	1	-1
73	5	3
74	4	2
75	8	6
76	24	22
77	1	-1
78	1	-1
79	22	20
80	3	1
81	34	32
82	4	2
83	1	-1
84	6	4
85	5	3
86	15	13
87	1	-1
88	3	1
89	3	1
90	1	-1
91	1	-1
92	1	-1
93	18	16
94	1	-1
95	1	-1
96	1	-1
97	1	-1
98	28	26
99	15	13
100	9	7
101	14	12
102	1	-1
103	1	-1
104	1	-1
105	1	-1
106	1	-1
107	5	3
108	36	34
109	6	4
110	8	6
111	5	3
112	4	2
113	1	-1
114	1	-1
115	1	-1
116	3	1
117	8	6
118	11	9
119	1	-1
120	1	-1
121	1	-1
122	1	-1
123	1	-1
124	26	24
125	6	4
126	31	29
127	1	-1
128	3	1
129	38	36
130	3	1
131	18	16
132	9	7
133	5	3
134	1	-1
135	1	-1
136	6	4
137	1	-1
138	3	1
139	12	10
140	5	3
141	1	-1
142	1	-1
143	5	3
144	6	4
145	1	-1
146	1	-1
147	1	-1
148	18	16
149	1	-1
150	1	-1
151	1	-1
152	3	1
153	4	2
154	1	-1
155	9	7
156	1	-1
157	1	-1
158	14	12
159	1	-1
160	29	27
161	1	-1
162	1	-1
163	1	-1
164	20	18
165	1	-1
166	7	5
167	21	19
168	1	-1
169	24	22
170	1	-1
171	1	-1
172	1	-1
173	1	-1
174	1	-1
175	1	-1
176	9	7
177	27	25
178	15	13
179	13	11
180	1	-1
181	1	-1
182	1	-1
183	1	-1
184	6	4
185	1	-1
186	1	-1
187	9	7
188	5	3
189	1	-1
190	1	-1
191	1	-1
192	10	8
193	4	2
194	16	14
195	5	3
196	13	11
197	3	1
198	1	-1
199	1	-1
200	50	48
201	20	18
202	7	5
203	1	-1
204	1	-1
205	13	11
206	6	4
207	1	-1
208	4	2
209	17	15
210	4	2
211	21	19
212	2	0
213	11	9
214	33	31
215	3	1
216	1	-1
217	1	-1
218	4	2
219	2	0
220	1	-1
221	12	10
222	3	1
223	4	2
224	1	-1
225	1	-1
226	14	12
227	1	-1
228	4	2
229	11	9
230	1	-1
231	1	-1
232	3	1
233	13	11
234	1	-1
235	1	-1
236	1	-1
237	1	-1
238	1	-1
239	1	-1
240	1	-1
241	25	23
242	6	4
243	14	12
244	1	-1
245	1	-1
246	45	43
247	2	0
248	1	-1
249	1	-1
Prova	Episode	Reward
0	1	-1
1	1	-1
2	14	12
3	3	1
4	1	-1
5	13	11
6	1	-1
7	14	12
8	31	29
9	1	-1
10	7	5
11	9	7
12	1	-1
13	1	-1
14	9	7
15	6	4
16	7	5
17	1	-1
18	1	-1
19	1	-1
20	1	-1
21	1	-1
22	6	4
23	1	-1
24	1	-1
25	10	8
26	23	21
27	2	0
28	1	-1
29	1	-1
30	1	-1
31	1	-1
32	11	9
33	3	1
34	3	1
35	1	-1
36	1	-1
37	1	-1
38	3	1
39	1	-1
40	8	6
41	47	45
42	1	-1
43	1	-1
44	1	-1
45	1	-1
46	9	7
47	1	-1
48	1	-1
49	1	-1
50	29	27
51	24	22
52	3	1
53	1	-1
54	3	1
55	21	19
56	11	9
57	9	7
58	1	-1
59	12	10
60	1	-1
61	1	-1
62	1	-1
63	3	1
64	10	8
65	1	-1
66	1	-1
67	1	-1
68	1	-1
69	1	-1
70	1	-1
71	1	-1
72	25	23
73	17	15
74	1	-1
75	6	4
76	1	-1
77	1	-1
78	6	4
79	3	1
80	3	1
81	7	5
82	8	6
83	16	14
84	9	7
85	1	-1
86	1	-1
87	1	-1
88	7	5
89	1	-1
90	3	1
91	1	-1
92	1	-1
93	1	-1
94	8	6
95	1	-1
96	1	-1
97	1	-1
98	7	5
99	14	12
100	1	-1
101	1	-1
102	23	21
103	1	-1
104	3	1
105	20	18
106	3	1
107	5	3
108	1	-1
109	1	-1
110	1	-1
111	1	-1
112	1	-1
113	1	-1
114	7	5
115	3	1
116	2	0
117	1	-1
118	2	0
119	2	0
120	4	2
121	3	1
122	14	12
123	1	-1
124	4	2
125	2	0
126	5	3
127	2	0
128	1	-1
129	1	-1
130	1	-1
131	1	-1
132	16	14
133	1	-1
134	4	2
135	11	9
136	2	0
137	1	-1
138	3	1
139	7	5
140	1	-1
141	4	2
142	1	-1
143	1	-1
144	11	9
145	6	4
146	1	-1
147	1	-1
148	1	-1
149	37	35
150	6	4
151	8	6
152	2	0
153	1	-1
154	1	-1
155	18	16
156	1	-1
157	1	-1
158	1	-1
159	12	10
160	8	6
161	13	11
162	1	-1
163	1	-1
164	5	3
165	1	-1
166	1	-1
167	4	2
168	1	-1
169	1	-1
170	1	-1
171	1	-1
172	13	11
173	3	1
174	1	-1
175	1	-1
176	1	-1
177	1	-1
178	21	19
179	1	-1
180	9	7
181	3	1
182	3	1
183	1	-1
184	10	8
185	1	-1
186	11	9
187	14	12
188	2	0
189	1	-1
190	1	-1
191	35	33
192	1	-1
193	1	-1
194	7	5
195	1	-1
196	1	-1
197	15	13
198	8	6
199	1	-1
200	12	10
201	8	6
202	5	3
203	2	0
204	1	-1
205	25	23
206	1	-1
207	1	-1
208	1	-1
209	4	2
210	11	9
211	1	-1
212	8	6
213	22	20
214	5	3
215	8	6
216	1	-1
217	35	33
218	1	-1
219	25	23
220	1	-1
221	1	-1
222	1	-1
223	1	-1
224	1	-1
225	1	-1
226	1	-1
227	4	2
228	1	-1
229	6	4
230	1	-1
231	1	-1
232	52	50
233	1	-1
234	4	2
235	12	10
236	1	-1
237	1	-1
238	1	-1
239	6	4
240	16	14
241	20	18
242	4	2
243	24	22
244	13	11
245	1	-1
246	16	14
247	38	36
248	1	-1
249	1	-1
Prova	Episode	Reward
0	34	32
1	1	-1
2	1	-1
3	16	14
4	2	0
5	1	-1
6	12	10
7	1	-1
8	8	6
9	5	3
10	7	5
11	25	23
12	10	8
13	1	-1
14	1	-1
15	1	-1
16	1	-1
17	1	-1
18	29	27
19	1	-1
20	1	-1
21	1	-1
22	1	-1
23	1	-1
24	19	17
25	1	-1
26	6	4
27	1	-1
28	1	-1
29	1	-1
30	1	-1
31	1	-1
32	19	17
33	1	-1
34	7	5
35	17	15
36	1	-1
37	9	7
38	8	6
39	1	-1
40	15	13
41	1	-1
42	1	-1
43	1	-1
44	7	5
45	15	13
46	6	4
47	10	8
48	25	23
49	4	2
50	1	-1
51	1	-1
52	5	3
53	1	-1
54	1	-1
55	9	7
56	1	-1
57	1	-1
58	1	-1
59	17	15
60	1	-1
61	1	-1
62	1	-1
63	1	-1
64	1	-1
65	13	11
66	32	30
67	3	1
68	1	-1
69	1	-1
70	13	11
71	1	-1
72	1	-1
73	1	-1
74	1	-1
75	11	9
76	1	-1
77	1	-1
78	1	-1
79	1	-1
80	1	-1
81	4	2
82	12	10
83	1	-1
84	1	-1
85	1	-1
86	18	16
87	10	8
88	64	62
89	6	4
90	1	-1
91	28	26
92	4	2
93	5	3
94	20	18
95	8	6
96	6	4
97	4	2
98	26	24
99	3	1
100	1	-1
101	1	-1
102	5	3
103	9	7
104	1	-1
105	1	-1
106	1	-1
107	23	21
108	1	-1
109	1	-1
110	1	-1
111	1	-1
112	1	-1
113	1	-1
114	1	-1
115	9	7
116	7	5
117	5	3
118	1	-1
119	1	-1
120	1	-1
121	1	-1
122	1	-1
123	1	-1
124	25	23
125	10	8
126	4	2
127	3	1
128	1	-1
129	1	-1
130	28	26
131	1	-1
132	60	58
133	1	-1
134	1	-1
135	1	-1
136	3	1
137	1	-1
138	1	-1
139	15	13
140	1	-1
141	1	-1
142	1	-1
143	1	-1
144	1	-1
145	1	-1
146	1	-1
147	1	-1
148	1	-1
149	1	-1
150	1	-1
151	1	-1
152	1	-1
153	1	-1
154	1	-1
155	1	-1
156	1	-1
157	1	-1
158	1	-1
159	5	3
160	14	12
161	12	10
162	7	5
163	29	27
164	1	-1
165	1	-1
166	13	11
167	1	-1
168	16	14
169	1	-1
170	9	7
171	12	10
172	7	5
173	4	2
174	1	-1
175	1	-1
176	1	-1
177	34	32
178	12	10
179	6	4
180	1	-1
181	7	5
182	1	-1
183	1	-1
184	14	12
185	1	-1
186	3	1
187	28	26
188	22	20
189	6	4
190	1	-1
191	1	-1
192	38	36
193	1	-1
194	20	18
195	1	-1
196	4	2
197	1	-1
198	1	-1
199	1	-1
200	1	-1
201	1	-1
202	1	-1
203	4	2
204	1	-1
205	75	73
206	28	26
207	5	3
208	4	2
209	14	12
210	1	-1
211	18	16
212	1	-1
213	4	2
214	15	13
215	1	-1
216	1	-1
217	4	2
218	11	9
219	20	18
220	3	1
221	10	8
222	1	-1
223	4	2
224	7	5
225	1	-1
226	1	-1
227	13	11
228	1	-1
229	1	-1
230	1	-1
231	34	32
232	14	12
233	18	16
234	1	-1
235	1	-1
236	1	-1
237	1	-1
238	1	-1
239	4	2
240	1	-1
241	14	12
242	6	4
243	1	-1
244	9	7
245	17	15
246	4	2
247	1	-1
248	1	-1
249	1	-1
Prova	Episode	Reward
0	1	-1
1	5	3
2	25	23
3	1	-1
4	1	-1
5	3	1
6	1	-1
7	1	-1
8	4	2
9	14	12
10	1	-1
11	4	2
12	15	13
13	6	4
14	1	-1
15	1	-1
16	7	5
17	1	-1
18	1	-1
19	10	8
20	1	-1
21	80	78
22	1	-1
23	1	-1
24	10	8
25	1	-1
26	1	-1
27	1	-1
28	3	1
29	10	8
30	5	3
31	1	-1
32	1	-1
33	1	-1
34	1	-1
35	14	12
36	1	-1
37	1	-1
38	10	8
39	36	34
40	9	7
41	4	2
42	3	1
43	4	2
44	1	-1
45	16	14
46	13	11
47	11	9
48	1	-1
49	1	-1
50	1	-1
51	8	6
52	1	-1
53	1	-1
54	18	16
55	2	0
56	6	4
57	9	7
58	1	-1
59	1	-1
60	21	19
61	3	1
62	1	-1
63	1	-1
64	1	-1
65	1	-1
66	1	-1
67	24	22
68	1	-1
69	1	-1
70	1	-1
71	1	-1
72	1	-1
73	1	-1
74	1	-1
75	4	2
76	3	1
77	1	-1
78	1	-1
79	1	-1
80	1	-1
81	14	12
82	1	-1
83	1	-1
84	1	-1
85	1	-1
86	1	-1
87	1	-1
88	19	17
89	32	30
90	1	-1
91	1	-1
92	1	-1
93	1	-1
94	1	-1
95	1	-1
96	27	25
97	6	4
98	10	8
99	1	-1
100	1	-1
101	29	27
102	1	-1
103	15	13
104	1	-1
105	1	-1
106	1	-1
107	10	8
108	19	17
109	9	7
110	4	2
111	4	2
112	8	6
113	8	6
114	1	-1
115	1	-1
116	14	12
117	1	-1
118	3	1
119	1	-1
120	33	31
121	1	-1
122	16	14
123	1	-1
124	1	-1
125	1	-1
126	15	13
127	1	-1
128	10	8
129	1	-1
130	1	-1
131	1	-1
132	25	23
133	1	-1
134	1	-1
135	1	-1
136	1	-1
137	26	24
138	4	2
139	13	11
140	1	-1
141	1	-1
142	1	-1
143	1	-1
144	4	2
145	1	-1
146	1	-1
147	1	-1
148	1	-1
149	1	-1
150	10	8
151	41	39
152	3	1
153	3	1
154	3	1
155	26	24
156	1	-1
157	10	8
158	7	5
159	1	-1
160	1	-1
161	1	-1
162	6	4
163	1	-1
164	1	-1
165	3	1
166	1	-1
167	1	-1
168	1	-1
169	1	-1
170	1	-1
171	4	2
172	3	1
173	1	-1
174	3	1
175	1	-1
176	18	16
177	1	-1
178	1	-1
179	39	37
180	45	43
181	1	-1
182	1	-1
183	4	2
184	1	-1
185	28	26
186	1	-1
187	62	60
188	1	-1
189	1	-1
190	1	-1
191	1	-1
192	1	-1
193	40	38
194	1	-1
195	1	-1
196	6	4
197	1	-1
198	1	-1
199	3	1
200	1	-1
201	1	-1
202	1	-1
203	1	-1
204	6	4
205	1	-1
206	18	16
207	1	-1
208	1	-1
209	1	-1
210	1	-1
211	12	10
212	3	1
213	1	-1
214	4	2
215	3	1
216	1	-1
217	17	15
218	12	10
219	1	-1
220	3	1
221	1	-1
222	8	6
223	3	1
224	5	3
225	25	23
226	4	2
227	18	16
228	1	-1
229	6	4
230	6	4
231	1	-1
232	1	-1
233	5	3
234	10	8
235	4	2
236	1	-1
237	1	-1
238	1	-1
239	1	-1
240	11	9
241	1	-1
242	1	-1
243	1	-1
244	1	-1
245	1	-1
246	1	-1
247	1	-1
248	1	-1
249	54	52
Prova	Episode	Reward
0	2	0
1	11	9
2	1	-1
3	1	-1
4	6	4
5	1	-1
6	1	-1
7	1	-1
8	6	4
9	1	-1
10	4	2
11	1	-1
12	1	-1
13	3	1
14	8	6
15	1	-1
16	1	-1
17	1	-1
18	1	-1
19	3	1
20	6	4
21	1	-1
22	1	-1
23	10	8
24	1	-1
25	99	97
26	28	26
27	8	6
28	1	-1
29	4	2
30	12	10
31	2	0
32	1	-1
33	4	2
34	8	6
35	1	-1
36	1	-1
37	1	-1
38	1	-1
39	1	-1
40	35	33
41	1	-1
42	4	2
43	1	-1
44	1	-1
45	1	-1
46	18	16
47	1	-1
48	10	8
49	20	18
50	5	3
51	16	14
52	1	-1
53	1	-1
54	4	2
55	1	-1
56	5	3
57	6	4
58	1	-1
59	4	2
60	1	-1
61	4	2
62	1	-1
63	5	3
64	14	12
65	2	0
66	1	-1
67	1	-1
68	1	-1
69	15	13
70	1	-1
71	1	-1
72	9	7
73	1	-1
74	31	29
75	79	77
76	4	2
77	11	9
78	1	-1
79	1	-1
80	1	-1
81	5	3
82	1	-1
83	1	-1
84	10	8
85	1	-1
86	1	-1
87	1	-1
88	1	-1
89	1	-1
90	1	-1
91	1	-1
92	7	5
93	7	5
94	1	-1
95	1	-1
96	1	-1
97	4	2
98	13	11
99	6	4
100	1	-1
101	4	2
102	1	-1
103	12	10
104	9	7
105	7	5
106	19	17
107	4	2
108	1	-1
109	5	3
110	3	1
111	1	-1
112	1	-1
113	6	4
114	1	-1
115	1	-1
116	1	-1
117	1	-1
118	8	6
119	1	-1
120	1	-1
121	12	10
122	1	-1
123	28	26
124	1	-1
125	1	-1
126	4	2
127	1	-1
128	24	22
129	10	8
130	1	-1
131	14	12
132	14	12
133	1	-1
134	1	-1
135	4	2
136	1	-1
137	1	-1
138	15	13
139	1	-1
140	4	2
141	23	21
142	3	1
143	1	-1
144	8	6
145	1	-1
146	12	10
147	1	-1
148	2	0
149	20	18
150	1	-1
151	1	-1
152	1	-1
153	1	-1
154	1	-1
155	4	2
156	1	-1
157	1	-1
158	1	-1
159	3	1
160	1	-1
161	1	-1
162	1	-1
163	10	8
164	1	-1
165	1	-1
166	6	4
167	9	7
168	6	4
169	1	-1
170	25	23
171	3	1
172	8	6
173	1	-1
174	1	-1
175	17	15
176	7	5
177	1	-1
178	1	-1
179	1	-1
180	1	-1
181	14	12
182	1	-1
183	20	18
184	10	8
185	1	-1
186	1	-1
187	7	5
188	1	-1
189	5	3
190	1	-1
191	4	2
192	4	2
193	3	1
194	7	5
195	11	9
196	1	-1
197	1	-1
198	7	5
199	1	-1
200	15	13
201	1	-1
202	19	17
203	10	8
204	9	7
205	6	4
206	11	9
207	1	-1
208	1	-1
209	19	17
210	8	6
211	1	-1
212	1	-1
213	1	-1
214	14	12
215	30	28
216	17	15
217	1	-1
218	1	-1
219	1	-1
220	1	-1
221	12	10
222	9	7
223	39	37
224	6	4
225	21	19
226	1	-1
227	1	-1
228	14	12
229	20	18
230	1	-1
231	7	5
232	6	4
233	1	-1
234	6	4
235	15	13
236	6	4
237	1	-1
238	1	-1
239	3	1
240	1	-1
241	25	23
242	11	9
243	1	-1
244	14	12
245	34	32
246	6	4
247	2	0
248	10	8
249	6	4
Prova	Episode	Reward
0	3	1
1	21	19
2	1	-1
3	1	-1
4	3	1
5	21	19
6	11	9
7	20	18
8	1	-1
9	5	3
10	1	-1
11	1	-1
12	1	-1
13	19	17
14	6	4
15	8	6
16	12	10
17	27	25
18	1	-1
19	1	-1
20	1	-1
21	1	-1
22	1	-1
23	5	3
24	1	-1
25	1	-1
26	1	-1
27	1	-1
28	4	2
29	1	-1
30	1	-1
31	1	-1
32	9	7
33	2	0
34	1	-1
35	37	35
36	8	6
37	3	1
38	61	59
39	3	1
40	1	-1
41	9	7
42	66	64
43	14	12
44	8	6
45	1	-1
46	1	-1
47	1	-1
48	1	-1
49	1	-1
50	5	3
51	1	-1
52	1	-1
53	8	6
54	1	-1
55	1	-1
56	1	-1
57	1	-1
58	1	-1
59	1	-1
60	23	21
61	24	22
62	12	10
63	3	1
64	3	1
65	1	-1
66	4	2
67	1	-1
68	3	1
69	6	4
70	48	46
71	1	-1
72	16	14
73	1	-1
74	1	-1
75	2	0
76	1	-1
77	3	1
78	4	2
79	8	6
80	3	1
81	5	3
82	3	1
83	10	8
84	1	-1
85	3	1
86	1	-1
87	1	-1
88	3	1
89	15	13
90	1	-1
91	11	9
92	1	-1
93	58	56
94	1	-1
95	4	2
96	1	-1
97	1	-1
98	1	-1
99	1	-1
100	8	6
101	3	1
102	5	3
103	1	-1
104	40	38
105	1	-1
106	1	-1
107	1	-1
108	30	28
109	4	2
110	3	1
111	6	4
112	29	27
113	1	-1
114	6	4
115	1	-1
116	9	7
117	1	-1
118	8	6
119	1	-1
120	7	5
121	6	4
122	1	-1
123	50	48
124	1	-1
125	1	-1
126	13	11
127	7	5
128	1	-1
129	1	-1
130	12	10
131	5	3
132	1	-1
133	24	22
134	1	-1
135	5	3
136	12	10
137	1	-1
138	1	-1
139	1	-1
140	1	-1
141	1	-1
142	1	-1
143	3	1
144	1	-1
145	6	4
146	1	-1
147	1	-1
148	1	-1
149	1	-1
150	1	-1
151	1	-1
152	1	-1
153	1	-1
154	2	0
155	3	1
156	1	-1
157	7	5
158	7	5
159	1	-1
160	1	-1
161	1	-1
162	1	-1
163	1	-1
164	1	-1
165	2	0
166	1	-1
167	1	-1
168	10	8
169	1	-1
170	1	-1
171	8	6
172	18	16
173	1	-1
174	17	15
175	1	-1
176	1	-1
177	29	27
178	1	-1
179	1	-1
180	1	-1
181	1	-1
182	21	19
183	11	9
184	1	-1
185	1	-1
186	1	-1
187	1	-1
188	1	-1
189	15	13
190	16	14
191	5	3
192	9	7
193	1	-1
194	1	-1
195	6	4
196	3	1
197	5	3
198	10	8
199	4	2
200	1	-1
201	5	3
202	3	1
203	1	-1
204	1	-1
205	14	12
206	1	-1
207	10	8
208	1	-1
209	1	-1
210	1	-1
211	1	-1
212	1	-1
213	1	-1
214	1	-1
215	1	-1
216	1	-1
217	4	2
218	7	5
219	1	-1
220	1	-1
221	1	-1
222	1	-1
223	1	-1
224	1	-1
225	1	-1
226	1	-1
227	1	-1
228	1	-1
229	1	-1
230	12	10
231	24	22
232	3	1
233	31	29
234	1	-1
235	25	23
236	1	-1
237	27	25
238	1	-1
239	1	-1
240	1	-1
241	4	2
242	1	-1
243	1	-1
244	19	17
245	11	9
246	3	1
247	4	2
248	3	1
249	1	-1
Prova	Episode	Reward
0	1	-1
1	12	10
2	7	5
3	18	16
4	1	-1
5	1	-1
6	1	-1
7	1	-1
8	1	-1
9	18	16
10	1	-1
11	40	38
12	8	6
13	5	3
14	11	9
15	6	4
16	1	-1
17	32	30
18	2	0
19	3	1
20	64	62
21	11	9
22	1	-1
23	1	-1
24	1	-1
25	1	-1
26	3	1
27	4	2
28	1	-1
29	5	3
30	1	-1
31	1	-1
32	1	-1
33	6	4
34	1	-1
35	6	4
36	1	-1
37	8	6
38	1	-1
39	9	7
40	24	22
41	4	2
42	1	-1
43	13	11
44	1	-1
45	1	-1
46	1	-1
47	23	21
48	1	-1
49	16	14
50	1	-1
51	21	19
52	40	38
53	9	7
54	1	-1
55	1	-1
56	1	-1
57	1	-1
58	3	1
59	27	25
60	13	11
61	3	1
62	3	1
63	7	5
64	1	-1
65	14	12
66	21	19
67	3	1
68	1	-1
69	13	11
70	1	-1
71	1	-1
72	9	7
73	13	11
74	1	-1
75	5	3
76	18	16
77	9	7
78	1	-1
79	10	8
80	1	-1
81	1	-1
82	1	-1
83	1	-1
84	1	-1
85	7	5
86	3	1
87	5	3
88	1	-1
89	6	4
90	1	-1
91	1	-1
92	9	7
93	1	-1
94	1	-1
95	6	4
96	8	6
97	13	11
98	6	4
99	22	20
100	5	3
101	3	1
102	1	-1
103	1	-1
104	7	5
105	1	-1
106	8	6
107	1	-1
108	1	-1
109	1	-1
110	5	3
111	1	-1
112	10	8
113	1	-1
114	9	7
115	1	-1
116	1	-1
117	22	20
118	1	-1
119	1	-1
120	1	-1
121	8	6
122	4	2
123	16	14
124	7	5
125	1	-1
126	1	-1
127	1	-1
128	1	-1
129	7	5
130	1	-1
131	10	8
132	1	-1
133	1	-1
134	30	28
135	1	-1
136	1	-1
137	1	-1
138	1	-1
139	1	-1
140	1	-1
141	22	20
142	14	12
143	6	4
144	1	-1
145	1	-1
146	21	19
147	6	4
148	1	-1
149	1	-1
150	1	-1
151	1	-1
152	7	5
153	1	-1
154	1	-1
155	1	-1
156	12	10
157	9	7
158	5	3
159	21	19
160	1	-1
161	1	-1
162	4	2
163	2	0
164	1	-1
165	1	-1
166	10	8
167	1	-1
168	7	5
169	6	4
170	1	-1
171	4	2
172	1	-1
173	1	-1
174	4	2
175	3	1
176	1	-1
177	1	-1
178	1	-1
179	1	-1
180	1	-1
181	30	28
182	1	-1
183	4	2
184	1	-1
185	5	3
186	1	-1
187	27	25
188	1	-1
189	20	18
190	1	-1
191	49	47
192	1	-1
193	1	-1
194	1	-1
195	1	-1
196	1	-1
197	6	4
198	5	3
199	17	15
200	1	-1
201	24	22
202	10	8
203	1	-1
204	21	19
205	22	20
206	2	0
207	1	-1
208	1	-1
209	1	-1
210	4	2
211	3	1
212	1	-1
213	6	4
214	6	4
215	1	-1
216	20	18
217	31	29
218	4	2
219	5	3
220	5	3
221	1	-1
222	1	-1
223	1	-1
224	1	-1
225	1	-1
226	1	-1
227	1	-1
228	14	12
229	6	4
230	1	-1
231	9	7
232	1	-1
233	4	2
234	1	-1
235	1	-1
236	1	-1
237	5	3
238	1	-1
239	30	28
240	1	-1
241	1	-1
242	1	-1
243	1	-1
244	1	-1
245	18	16
246	1	-1
247	1	-1
248	13	11
249	1	-1
Prova	Episode	Reward
0	2	0
1	13	11
2	1	-1
3	11	9
4	1	-1
5	1	-1
6	1	-1
7	1	-1
8	1	-1
9	36	34
10	1	-1
11	2	0
12	1	-1
13	18	16
14	1	-1
15	1	-1
16	1	-1
17	6	4
18	18	16
19	1	-1
20	14	12
21	36	34
22	6	4
23	1	-1
24	14	12
25	1	-1
26	4	2
27	9	7
28	3	1
29	1	-1
30	1	-1
31	1	-1
32	1	-1
33	25	23
34	4	2
35	1	-1
36	1	-1
37	1	-1
38	4	2
39	3	1
40	1	-1
41	1	-1
42	1	-1
43	1	-1
44	1	-1
45	1	-1
46	18	16
47	1	-1
48	1	-1
49	10	8
50	1	-1
51	1	-1
52	1	-1
53	12	10
54	1	-1
55	1	-1
56	1	-1
57	1	-1
58	1	-1
59	1	-1
60	1	-1
61	1	-1
62	3	1
63	1	-1
64	2	0
65	3	1
66	1	-1
67	1	-1
68	1	-1
69	1	-1
70	1	-1
71	1	-1
72	1	-1
73	1	-1
74	1	-1
75	1	-1
76	1	-1
77	4	2
78	1	-1
79	2	0
80	1	-1
81	4	2
82	1	-1
83	1	-1
84	4	2
85	1	-1
86	20	18
87	1	-1
88	1	-1
89	11	9
90	3	1
91	3	1
92	19	17
93	11	9
94	12	10
95	15	13
96	1	-1
97	7	5
98	13	11
99	1	-1
100	1	-1
101	1	-1
102	14	12
103	43	41
104	6	4
105	17	15
106	1	-1
107	21	19
108	1	-1
109	8	6
110	1	-1
111	7	5
112	3	1
113	11	9
114	14	12
115	1	-1
116	1	-1
117	1	-1
118	1	-1
119	1	-1
120	1	-1
121	35	33
122	10	8
123	1	-1
124	1	-1
125	7	5
126	3	1
127	4	2
128	1	-1
129	7	5
130	1	-1
131	11	9
132	1	-1
133	10	8
134	1	-1
135	1	-1
136	1	-1
137	1	-1
138	5	3
139	1	-1
140	22	20
141	3	1
142	10	8
143	5	3
144	1	-1
145	1	-1
146	1	-1
147	1	-1
148	1	-1
149	1	-1
150	27	25
151	1	-1
152	4	2
153	6	4
154	3	1
155	1	-1
156	1	-1
157	18	16
158	9	7
159	1	-1
160	3	1
161	2	0
162	33	31
163	19	17
164	12	10
165	18	16
166	1	-1
167	1	-1
168	1	-1
169	1	-1
170	1	-1
171	1	-1
172	1	-1
173	1	-1
174	1	-1
175	4	2
176	1	-1
177	1	-1
178	1	-1
179	1	-1
180	7	5
181	2	0
182	9	7
183	31	29
184	1	-1
185	32	30
186	1	-1
187	1	-1
188	1	-1
189	13	11
190	17	15
191	1	-1
192	1	-1
193	10	8
194	1	-1
195	1	-1
196	1	-1
197	10	8
198	1	-1
199	5	3
200	1	-1
201	1	-1
202	1	-1
203	1	-1
204	3	1
205	1	-1
206	1	-1
207	65	63
208	1	-1
209	8	6
210	3	1
211	3	1
212	1	-1
213	5	3
214	1	-1
215	1	-1
216	6	4
217	13	11
218	8	6
219	1	-1
220	1	-1
221	1	-1
222	11	9
223	8	6
224	1	-1
225	1	-1
226	18	16
227	1	-1
228	5	3
229	1	-1
230	1	-1
231	21	19
232	16	14
233	10	8
234	1	-1
235	1	-1
236	3	1
237	12	10
238	1	-1
239	11	9
240	1	-1
241	1	-1
242	3	1
243	1	-1
244	4	2
245	1	-1
246	12	10
247	4	2
248	6	4
249	1	-1
Prova	Episode	Reward
0	2	0
1	10	8
2	1	-1
3	4	2
4	28	26
5	6	4
6	12	10
7	3	1
8	47	45
9	8	6
10	1	-1
11	1	-1
12	1	-1
13	6	4
14	1	-1
15	1	-1
16	1	-1
17	1	-1
18	1	-1
19	1	-1
20	1	-1
21	1	-1
22	1	-1
23	4	2
24	32	30
25	7	5
26	12	10
27	3	1
28	36	34
29	7	5
30	1	-1
31	93	91
32	13	11
33	5	3
34	7	5
35	1	-1
36	1	-1
37	1	-1
38	2	0
39	1	-1
40	1	-1
41	8	6
42	1	-1
43	1	-1
44	6	4
45	1	-1
46	1	-1
47	1	-1
48	1	-1
49	6	4
50	1	-1
51	1	-1
52	2	0
53	1	-1
54	1	-1
55	30	28
56	2	0
57	1	-1
58	1	-1
59	2	0
60	19	17
61	1	-1
62	1	-1
63	1	-1
64	1	-1
65	35	33
66	1	-1
67	1	-1
68	1	-1
69	1	-1
70	1	-1
71	1	-1
72	15	13
73	20	18
74	3	1
75	1	-1
76	8	6
77	8	6
78	13	11
79	1	-1
80	1	-1
81	1	-1
82	1	-1
83	1	-1
84	1	-1
85	4	2
86	1	-1
87	10	8
88	1	-1
89	1	-1
90	1	-1
91	1	-1
92	1	-1
93	1	-1
94	1	-1
95	83	81
96	6	4
97	3	1
98	9	7
99	1	-1
100	3	1
101	7	5
102	1	-1
103	31	29
104	2	0
105	27	25
106	1	-1
107	1	-1
108	8	6
109	1	-1
110	28	26
111	1	-1
112	1	-1
113	1	-1
114	1	-1
115	1	-1
116	1	-1
117	1	-1
118	8	6
119	4	2
120	1	-1
121	1	-1
122	1	-1
123	6	4
124	1	-1
125	1	-1
126	4	2
127	1	-1
128	1	-1
129	1	-1
130	1	-1
131	26	24
132	15	13
133	5	3
134	1	-1
135	1	-1
136	66	64
137	1	-1
138	10	8
139	11	9
140	1	-1
141	8	6
142	12	10
143	3	1
144	1	-1
145	50	48
146	1	-1
147	1	-1
148	1	-1
149	12	10
150	16	14
151	4	2
152	9	7
153	1	-1
154	1	-1
155	1	-1
156	12	10
157	1	-1
158	1	-1
159	1	-1
160	1	-1
161	7	5
162	1	-1
163	1	-1
164	19	17
165	1	-1
166	1	-1
167	1	-1
168	32	30
169	1	-1
170	1	-1
171	1	-1
172	1	-1
173	1	-1
174	13	11
175	14	12
176	1	-1
177	27	25
178	3	1
179	13	11
180	4	2
181	3	1
182	1	-1
183	1	-1
184	1	-1
185	4	2
186	6	4
187	38	36
188	3	1
189	1	-1
190	1	-1
191	1	-1
192	1	-1
193	1	-1
194	1	-1
195	1	-1
196	1	-1
197	1	-1
198	8	6
199	1	-1
200	1	-1
201	11	9
202	2	0
203	1	-1
204	9	7
205	28	26
206	3	1
207	1	-1
208	1	-1
209	1	-1
210	9	7
211	5	3
212	3	1
213	10	8
214	1	-1
215	3	1
216	1	-1
217	1	-1
218	1	-1
219	13	11
220	1	-1
221	4	2
222	3	1
223	1	-1
224	1	-1
225	1	-1
226	14	12
227	1	-1
228	1	-1
229	1	-1
230	1	-1
231	6	4
232	1	-1
233	1	-1
234	1	-1
235	1	-1
236	7	5
237	29	27
238	21	19
239	36	34
240	15	13
241	6	4
242	5	3
243	1	-1
244	16	14
245	6	4
246	13	11
247	1	-1
248	1	-1
249	1	-1
Prova	Episode	Reward
0	2	0
1	1	-1
2	1	-1
3	15	13
4	14	12
5	3	1
6	1	-1
7	8	6
8	1	-1
9	9	7
10	3	1
11	1	-1
12	1	-1
13	1	-1
14	1	-1
15	1	-1
16	9	7
17	2	0
18	1	-1
19	1	-1
20	3	1
21	84	82
22	1	-1
23	1	-1
24	1	-1
25	1	-1
26	7	5
27	36	34
28	1	-1
29	1	-1
30	13	11
31	1	-1
32	1	-1
33	1	-1
34	1	-1
35	1	-1
36	3	1
37	1	-1
38	1	-1
39	1	-1
40	1	-1
41	14	12
42	1	-1
43	1	-1
44	1	-1
45	1	-1
46	19	17
47	1	-1
48	1	-1
49	1	-1
50	20	18
51	19	17
52	1	-1
53	1	-1
54	1	-1
55	16	14
56	1	-1
57	6	4
58	65	63
59	1	-1
60	9	7
61	3	1
62	1	-1
63	1	-1
64	1	-1
65	18	16
66	12	10
67	10	8
68	4	2
69	1	-1
70	29	27
71	3	1
72	23	21
73	9	7
74	22	20
75	8	6
76	1	-1
77	5	3
78	1	-1
79	1	-1
80	1	-1
81	1	-1
82	1	-1
83	1	-1
84	1	-1
85	3	1
86	1	-1
87	1	-1
88	4	2
89	1	-1
90	1	-1
91	1	-1
92	1	-1
93	1	-1
94	1	-1
95	5	3
96	31	29
97	1	-1
98	1	-1
99	22	20
100	4	2
101	10	8
102	3	1
103	3	1
104	1	-1
105	1	-1
106	1	-1
107	1	-1
108	1	-1
109	4	2
110	6	4
111	1	-1
112	1	-1
113	5	3
114	16	14
115	1	-1
116	2	0
117	4	2
118	2	0
119	6	4
120	3	1
121	8	6
122	1	-1
123	1	-1
124	1	-1
125	1	-1
126	15	13
127	4	2
128	88	86
129	14	12
130	1	-1
131	7	5
132	1	-1
133	1	-1
134	1	-1
135	1	-1
136	1	-1
137	15	13
138	1	-1
139	1	-1
140	1	-1
141	26	24
142	1	-1
143	24	22
144	1	-1
145	4	2
146	40	38
147	1	-1
148	1	-1
149	3	1
150	3	1
151	6	4
152	1	-1
153	4	2
154	5	3
155	1	-1
156	1	-1
157	1	-1
158	7	5
159	1	-1
160	1	-1
161	1	-1
162	4	2
163	5	3
164	1	-1
165	1	-1
166	1	-1
167	1	-1
168	10	8
169	19	17
170	3	1
171	6	4
172	1	-1
173	5	3
174	1	-1
175	1	-1
176	24	22
177	1	-1
178	1	-1
179	10	8
180	8	6
181	3	1
182	1	-1
183	18	16
184	1	-1
185	1	-1
186	1	-1
187	1	-1
188	6	4
189	1	-1
190	1	-1
191	1	-1
192	1	-1
193	1	-1
194	48	46
195	1	-1
196	5	3
197	19	17
198	1	-1
199	1	-1
200	1	-1
201	61	59
202	39	37
203	8	6
204	1	-1
205	1	-1
206	11	9
207	6	4
208	1	-1
209	57	55
210	73	71
211	9	7
212	1	-1
213	47	45
214	8	6
215	18	16
216	13	11
217	1	-1
218	1	-1
219	4	2
220	1	-1
221	10	8
222	5	3
223	1	-1
224	1	-1
225	1	-1
226	1	-1
227	1	-1
228	1	-1
229	1	-1
230	2	0
231	7	5
232	1	-1
233	15	13
234	1	-1
235	24	22
236	9	7
237	8	6
238	1	-1
239	5	3
240	3	1
241	1	-1
242	1	-1
243	19	17
244	1	-1
245	34	32
246	1	-1
247	26	24
248	1	-1
249	1	-1
Prova	Episode	Reward
0	2	0
1	11	9
2	6	4
3	7	5
4	1	-1
5	1	-1
6	138	136
7	1	-1
8	2	0
9	1	-1
10	1	-1
11	1	-1
12	1	-1
13	1	-1
14	1	-1
15	4	2
16	3	1
17	20	18
18	3	1
19	1	-1
20	1	-1
21	1	-1
22	1	-1
23	1	-1
24	43	41
25	1	-1
26	1	-1
27	1	-1
28	1	-1
29	10	8
30	24	22
31	25	23
32	1	-1
33	7	5
34	17	15
35	5	3
36	5	3
37	23	21
38	14	12
39	1	-1
40	5	3
41	1	-1
42	14	12
43	28	26
44	2	0
45	4	2
46	1	-1
47	1	-1
48	1	-1
49	38	36
50	10	8
51	8	6
52	1	-1
53	1	-1
54	1	-1
