self.state_dimension=4
	self.action_space=4
        self.memory  = deque(maxlen=2000)
        #importojme te dhenat e memorjes
	filehandler = open("remember", 'r') 
	self.memory = pickle.load(filehandler)
        self.gamma = 0.85
	#ishte 50
        self.epsilon = 0.01
        self.epsilon_min = 0.01
        self.epsilon_decay = 0.995
        self.learning_rate = 0.08
        self.tau = .125

distanca > distanca previous


Prova	Episode	Reward
0	0	-10
1	1	-10
2	2	-9
3	2	-9
4	1	-10
5	2	-9
6	2	-9
7	3	-8
8	2	-9
9	2	-9
10	2	-9
11	2	-9
12	2	-9
13	2	-9
14	2	-9
15	2	-9
16	1	-10
17	2	-9
18	2	-9
19	2	-9
20	4	-7
21	1	-10
22	1	-10
23	1	-10
24	1	-10
25	3	-8
26	2	-9
27	2	-9
28	4	-7
29	2	-9
30	2	-9
31	2	-9
32	8	-3
33	1	-10
34	2	-9
35	2	-9
36	5	-6
37	3	-8
38	1	-10
39	2	-9
40	2	-9
41	4	-7
42	1	-10
43	2	-9
44	2	-9
45	2	-9
46	2	-9
47	2	-9
48	22	11
49	1	-10
50	1	-10
51	2	-9
52	2	-9
53	2	-9
54	2	-9
55	2	-9
56	6	-5
57	11	0
58	1	-10
59	1	-10
60	11	0
61	1	-10
62	1	-10
63	2	-9
64	2	-9
65	2	-9
66	12	1
67	1	-10
68	1	-10
69	2	-9
70	2	-9
71	2	-9
72	3	-8
73	14	3
74	1	-10
75	1	-10
76	6	-5
77	2	-9
78	1	-10
79	6	-5
80	2	-9
81	2	-9
82	1	-10
83	2	-9
84	2	-9
85	2	-9
86	17	6
87	1	-10
88	1	-10
89	3	-8
90	2	-9
91	2	-9
92	3	-8
93	11	0
94	10	-1
95	10	-1
96	1	-10
97	11	0
98	1	-10
99	1	-10
100	2	-9
101	2	-9
102	2	-9
103	2	-9
104	2	-9
105	2	-9
106	2	-9
107	2	-9
108	2	-9
109	2	-9
110	2	-9
111	2	-9
112	2	-9
113	2	-9
114	3	-8
115	2	-9
116	2	-9
117	2	-9
118	3	-8
119	1	-10
120	1	-10
121	1	-10
122	1	-10
123	2	-9
124	1	-10
125	1	-10
126	2	-9
127	2	-9
128	2	-9
129	3	-8
130	2	-9
131	2	-9
132	13	2
133	1	-10
134	3	-8
135	1	-10
136	3	-8
137	2	-9
138	2	-9
139	5	-6
140	1	-10
141	2	-9
142	2	-9
143	31	20
144	1	-10
145	1	-10
146	1	-10
147	2	-9
148	5	-6
149	1	-10
150	5	-6
151	13	2
152	1	-10
153	2	-9
154	11	0
155	1	-10
156	23	12
157	1	-10
158	1	-10
159	1	-10
160	2	-9
161	2	-9
162	2	-9
163	2	-9
164	2	-9
165	2	-9
166	1	-10
167	3	-8
168	2	-9
169	6	-5
170	11	0
171	1	-10
172	1	-10
173	2	-9
174	2	-9
175	2	-9
176	2	-9
177	10	-1
178	1	-10
179	1	-10
180	2	-9
181	2	-9
182	2	-9
183	1	-10
184	1	-10
185	1	-10
186	3	-8
187	2	-9
188	2	-9
189	2	-9
190	2	-9
191	2	-9
192	18	7
193	1	-10
194	1	-10
195	2	-9
196	2	-9
197	6	-5
198	1	-10
199	2	-9
200	2	-9
201	2	-9
202	2	-9
203	2	-9
204	2	-9
205	2	-9
206	2	-9
207	2	-9
208	2	-9
209	2	-9
210	2	-9
211	10	-1
212	1	-10
213	4	-7
214	1	-10
215	2	-9
216	2	-9
217	2	-9
218	2	-9
219	2	-9
220	1	-10
221	2	-9
222	13	2
223	1	-10
224	1	-10
225	1	-10
226	1	-10
227	1	-10
228	2	-9
229	2	-9
230	1	-10
231	2	-9
232	2	-9
233	2	-9
234	2	-9
235	4	-7
236	1	-10
237	23	12
238	1	-10
239	1	-10
240	2	-9
241	1	-10
242	2	-9
243	2	-9
244	15	4
245	1	-10
246	1	-10
247	1	-10
248	2	-9
249	2	-9
Prova	Episode	Reward
0	0	-10
1	1	-10
2	4	-7
3	1	-10
4	3	-8
5	1	-10
6	2	-9
7	8	-3
8	1	-10
9	2	-9
10	2	-9
11	3	-8
12	2	-9
13	2	-9
14	2	-9
15	3	-8
16	2	-9
17	2	-9
18	2	-9
19	1	-10
20	2	-9
21	3	-8
22	7	-4
23	1	-10
24	2	-9
25	2	-9
26	2	-9
27	4	-7
28	1	-10
29	2	-9
30	2	-9
31	2	-9
32	2	-9
33	2	-9
34	2	-9
35	10	-1
36	1	-10
37	11	0
38	1	-10
39	8	-3
40	14	3
41	1	-10
42	1	-10
43	47	36
44	1	-10
45	1	-10
46	2	-9
47	2	-9
48	2	-9
49	2	-9
50	6	-5
51	6	-5
52	10	-1
53	3	-8
54	1	-10
55	3	-8
56	2	-9
57	2	-9
58	2	-9
59	2	-9
60	2	-9
61	3	-8
62	1	-10
63	2	-9
64	2	-9
65	2	-9
66	2	-9
67	2	-9
68	6	-5
69	1	-10
70	2	-9
71	2	-9
72	2	-9
73	14	3
74	1	-10
75	1	-10
76	4	-7
77	2	-9
78	1	-10
79	1	-10
80	2	-9
81	2	-9
82	2	-9
83	2	-9
84	2	-9
85	6	-5
86	1	-10
87	2	-9
88	2	-9
89	2	-9
90	10	-1
91	1	-10
92	1	-10
93	9	-2
94	1	-10
95	1	-10
96	4	-7
97	1	-10
98	1	-10
99	1	-10
100	2	-9
101	2	-9
102	3	-8
103	1	-10
104	4	-7
105	3	-8
106	2	-9
107	2	-9
108	2	-9
109	4	-7
110	2	-9
111	2	-9
112	2	-9
113	2	-9
114	2	-9
115	2	-9
116	2	-9
117	2	-9
118	3	-8
119	1	-10
120	1	-10
121	2	-9
122	2	-9
123	2	-9
124	2	-9
125	2	-9
126	2	-9
127	2	-9
128	3	-8
129	3	-8
130	2	-9
131	2	-9
132	2	-9
133	2	-9
134	3	-8
135	2	-9
136	2	-9
137	2	-9
138	1	-10
139	1	-10
140	6	-5
141	1	-10
142	2	-9
143	2	-9
144	2	-9
145	2	-9
146	1	-10
147	1	-10
148	2	-9
149	2	-9
150	2	-9
151	2	-9
152	4	-7
153	1	-10
154	1	-10
155	2	-9
156	1	-10
157	2	-9
158	2	-9
159	2	-9
160	2	-9
161	2	-9
162	10	-1
163	1	-10
164	11	0
165	1	-10
166	1	-10
167	1	-10
168	2	-9
169	3	-8
170	1	-10
171	1	-10
172	6	-5
173	2	-9
174	2	-9
175	16	5
176	1	-10
177	4	-7
178	1	-10
179	2	-9
180	1	-10
181	1	-10
182	2	-9
183	2	-9
184	2	-9
185	2	-9
186	2	-9
187	2	-9
188	1	-10
189	2	-9
190	6	-5
191	1	-10
192	2	-9
193	1	-10
194	2	-9
195	11	0
196	1	-10
197	1	-10
198	1	-10
199	9	-2
200	1	-10
201	1	-10
202	4	-7
203	1	-10
204	1	-10
205	2	-9
206	2	-9
207	3	-8
208	11	0
209	1	-10
210	2	-9
211	2	-9
212	2	-9
213	2	-9
214	2	-9
215	11	0
216	1	-10
217	1	-10
218	2	-9
219	2	-9
220	2	-9
221	2	-9
222	3	-8
223	3	-8
224	2	-9
225	3	-8
226	1	-10
227	3	-8
228	1	-10
229	1	-10
230	4	-7
231	2	-9
232	2	-9
233	2	-9
234	2	-9
235	2	-9
236	2	-9
237	2	-9
238	2	-9
239	2	-9
240	2	-9
241	2	-9
242	3	-8
243	1	-10
244	1	-10
245	13	2
246	1	-10
247	1	-10
248	5	-6
249	1	-10
Prova	Episode	Reward
0	0	-10
1	1	-10
2	2	-9
3	2	-9
4	2	-9
5	2	-9
6	19	8
7	1	-10
8	1	-10
9	2	-9
10	2	-9
11	2	-9
12	2	-9
13	2	-9
14	9	-2
15	1	-10
16	8	-3
17	1	-10
18	1	-10
19	2	-9
20	2	-9
21	2	-9
22	3	-8
23	1	-10
24	1	-10
25	2	-9
26	8	-3
27	1	-10
28	2	-9
29	2	-9
30	6	-5
31	3	-8
32	6	-5
33	7	-4
34	11	0
35	1	-10
36	2	-9
37	16	5
38	1	-10
39	2	-9
40	2	-9
41	2	-9
42	2	-9
43	2	-9
44	2	-9
45	2	-9
46	9	-2
47	1	-10
48	5	-6
49	1	-10
50	2	-9
51	1	-10
52	2	-9
53	2	-9
54	3	-8
55	3	-8
56	1	-10
57	2	-9
58	2	-9
59	6	-5
60	3	-8
61	1	-10
62	2	-9
63	2	-9
64	2	-9
65	2	-9
66	2	-9
67	2	-9
68	2	-9
69	8	-3
70	1	-10
71	2	-9
72	2	-9
73	2	-9
74	5	-6
75	1	-10
76	2	-9
77	1	-10
78	1	-10
79	2	-9
80	2	-9
81	6	-5
82	14	3
83	1	-10
84	2	-9
85	2	-9
86	2	-9
87	7	-4
88	1	-10
89	2	-9
90	2	-9
91	5	-6
92	1	-10
93	2	-9
94	2	-9
95	2	-9
96	2	-9
97	9	-2
98	1	-10
99	1	-10
100	1	-10
101	1	-10
102	2	-9
103	26	15
104	1	-10
105	1	-10
106	10	-1
107	1	-10
108	1	-10
109	1	-10
110	2	-9
111	2	-9
112	2	-9
113	2	-9
114	25	14
115	1	-10
116	1	-10
117	1	-10
118	2	-9
119	1	-10
120	2	-9
121	2	-9
122	2	-9
123	2	-9
124	2	-9
125	17	6
126	1	-10
127	1	-10
128	39	28
129	1	-10
130	1	-10
131	3	-8
132	2	-9
133	9	-2
134	1	-10
135	1	-10
136	1	-10
137	1	-10
138	1	-10
139	6	-5
140	32	21
141	1	-10
142	1	-10
143	1	-10
144	3	-8
145	1	-10
146	12	1
147	1	-10
148	1	-10
149	1	-10
150	2	-9
151	2	-9
152	25	14
153	1	-10
154	9	-2
155	1	-10
156	1	-10
157	2	-9
158	2	-9
159	2	-9
160	2	-9
161	2	-9
162	2	-9
163	3	-8
164	2	-9
165	3	-8
166	1	-10
167	1	-10
168	12	1
169	1	-10
170	2	-9
171	2	-9
172	2	-9
173	2	-9
174	1	-10
175	6	-5
176	1	-10
177	2	-9
178	2	-9
179	2	-9
180	2	-9
181	2	-9
182	9	-2
183	1	-10
184	2	-9
185	2	-9
186	2	-9
187	2	-9
188	2	-9
189	2	-9
190	2	-9
191	2	-9
192	6	-5
193	8	-3
194	1	-10
195	2	-9
196	2	-9
197	2	-9
198	2	-9
199	2	-9
200	9	-2
201	1	-10
202	1	-10
203	1	-10
204	3	-8
205	2	-9
206	2	-9
207	2	-9
208	2	-9
209	1	-10
210	8	-3
211	1	-10
212	2	-9
213	5	-6
214	1	-10
215	2	-9
216	6	-5
217	10	-1
218	1	-10
219	1	-10
220	1	-10
221	1	-10
222	8	-3
223	4	-7
224	1	-10
225	1	-10
226	1	-10
227	1	-10
228	6	-5
229	1	-10
230	1	-10
231	2	-9
232	2	-9
233	2	-9
234	2	-9
235	2	-9
236	2	-9
237	6	-5
238	6	-5
239	1	-10
240	9	-2
241	1	-10
242	2	-9
243	2	-9
244	2	-9
245	3	-8
246	2	-9
247	8	-3
248	1	-10
249	6	-5
Prova	Episode	Reward
0	0	-10
1	1	-10
2	1	-10
3	1	-10
4	1	-10
5	1	-10
6	8	-3
7	1	-10
8	1	-10
9	1	-10
10	1	-10
11	13	2
12	1	-10
13	2	-9
14	2	-9
15	2	-9
16	2	-9
17	2	-9
18	2	-9
19	2	-9
20	2	-9
21	3	-8
22	1	-10
23	2	-9
24	2	-9
25	8	-3
26	1	-10
27	1	-10
28	3	-8
29	10	-1
30	1	-10
31	1	-10
32	1	-10
33	4	-7
34	1	-10
35	2	-9
36	4	-7
37	2	-9
38	2	-9
39	2	-9
40	2	-9
41	7	-4
42	2	-9
43	5	-6
44	1	-10
45	2	-9
46	2	-9
47	2	-9
48	2	-9
49	20	9
50	1	-10
51	1	-10
52	1	-10
53	1	-10
54	2	-9
55	2	-9
56	2	-9
57	2	-9
58	2	-9
59	7	-4
60	1	-10
61	1	-10
62	17	6
63	1	-10
64	1	-10
65	2	-9
66	2	-9
67	2	-9
68	16	5
69	1	-10
70	1	-10
71	1	-10
72	2	-9
73	13	2
74	1	-10
75	1	-10
76	1	-10
77	2	-9
78	4	-7
79	3	-8
80	1	-10
81	1	-10
82	2	-9
83	2	-9
84	20	9
85	1	-10
86	2	-9
87	2	-9
88	2	-9
89	2	-9
90	5	-6
91	17	6
92	1	-10
93	1	-10
94	7	-4
95	1	-10
96	2	-9
97	1	-10
98	5	-6
99	2	-9
100	2	-9
101	3	-8
102	7	-4
103	1	-10
104	2	-9
105	2	-9
106	2	-9
107	2	-9
108	2	-9
109	11	0
110	1	-10
111	2	-9
112	2	-9
113	2	-9
114	2	-9
115	2	-9
116	2	-9
117	4	-7
118	1	-10
119	16	5
120	1	-10
121	2	-9
122	7	-4
123	1	-10
124	2	-9
125	3	-8
126	1	-10
127	1	-10
128	2	-9
129	2	-9
130	9	-2
131	1	-10
132	2	-9
133	2	-9
134	2	-9
135	2	-9
136	4	-7
137	1	-10
138	2	-9
139	2	-9
140	20	9
141	1	-10
142	32	21
143	1	-10
144	1	-10
145	3	-8
146	1	-10
147	1	-10
148	22	11
149	1	-10
150	1	-10
151	1	-10
152	1	-10
153	22	11
154	1	-10
155	1	-10
156	1	-10
157	25	14
158	1	-10
159	1	-10
160	2	-9
161	2	-9
162	2	-9
163	2	-9
164	27	16
165	1	-10
166	1	-10
167	1	-10
168	14	3
169	1	-10
170	1	-10
171	1	-10
172	5	-6
173	1	-10
174	1	-10
175	9	-2
176	1	-10
177	2	-9
178	6	-5
179	9	-2
180	6	-5
181	10	-1
182	1	-10
183	1	-10
184	1	-10
185	1	-10
186	1	-10
187	2	-9
188	2	-9
189	36	25
190	1	-10
191	2	-9
192	25	14
193	1	-10
194	4	-7
195	1	-10
196	1	-10
197	2	-9
198	7	-4
199	1	-10
200	10	-1
201	1	-10
202	1	-10
203	7	-4
204	3	-8
205	1	-10
206	1	-10
207	2	-9
208	2	-9
209	2	-9
210	20	9
211	1	-10
212	37	26
213	1	-10
214	1	-10
215	13	2
216	1	-10
217	1	-10
218	1	-10
219	2	-9
220	2	-9
221	2	-9
222	12	1
223	1	-10
224	1	-10
225	1	-10
226	36	25
227	1	-10
228	1	-10
229	1	-10
230	44	33
231	1	-10
232	1	-10
233	1	-10
234	16	5
235	1	-10
236	5	-6
237	1	-10
238	1	-10
239	2	-9
240	6	-5
241	1	-10
242	6	-5
243	1	-10
244	3	-8
245	1	-10
246	1	-10
247	2	-9
248	1	-10
249	13	2
Prova	Episode	Reward
0	0	-10
1	1	-10
2	5	-6
3	1	-10
4	3	-8
5	1	-10
6	1	-10
7	1	-10
8	3	-8
9	1	-10
10	1	-10
11	2	-9
12	2	-9
13	2	-9
14	2	-9
15	2	-9
16	2	-9
17	2	-9
18	2	-9
19	4	-7
20	15	4
21	1	-10
22	1	-10
23	1	-10
24	1	-10
25	1	-10
26	5	-6
27	1	-10
28	3	-8
29	1	-10
30	1	-10
31	2	-9
32	68	57
33	1	-10
34	1	-10
35	2	-9
36	1	-10
37	13	2
38	1	-10
39	1	-10
40	40	29
41	1	-10
42	1	-10
43	13	2
44	1	-10
45	1	-10
46	3	-8
47	1	-10
48	4	-7
49	1	-10
50	11	0
51	1	-10
52	1	-10
53	41	30
54	1	-10
55	1	-10
56	5	-6
57	18	7
58	1	-10
59	1	-10
60	2	-9
61	36	25
62	1	-10
63	1	-10
64	1	-10
65	1	-10
66	29	18
67	1	-10
68	1	-10
69	1	-10
70	2	-9
71	2	-9
72	19	8
73	1	-10
74	2	-9
75	9	-2
76	1	-10
77	2	-9
78	2	-9
79	2	-9
80	2	-9
81	2	-9
82	1	-10
83	2	-9
84	2	-9
85	1	-10
86	1	-10
87	2	-9
88	2	-9
89	2	-9
90	6	-5
91	21	10
92	1	-10
93	1	-10
94	10	-1
95	1	-10
96	1	-10
97	1	-10
98	2	-9
99	1	-10
100	48	37
101	1	-10
102	1	-10
103	7	-4
104	1	-10
105	20	9
106	1	-10
107	1	-10
108	15	4
109	1	-10
110	1	-10
111	7	-4
112	1	-10
113	4	-7
114	1	-10
115	1	-10
116	51	40
117	1	-10
118	1	-10
119	1	-10
120	2	-9
121	2	-9
122	17	6
123	1	-10
124	2	-9
125	4	-7
126	1	-10
127	40	29
128	1	-10
129	1	-10
130	2	-9
131	5	-6
132	3	-8
133	1	-10
134	2	-9
135	2	-9
136	2	-9
137	2	-9
138	61	50
139	1	-10
140	1	-10
141	8	-3
142	16	5
143	1	-10
144	1	-10
145	9	-2
146	1	-10
147	1	-10
148	2	-9
149	3	-8
150	1	-10
151	19	8
152	1	-10
153	1	-10
154	26	15
155	1	-10
156	1	-10
157	2	-9
158	4	-7
159	3	-8
160	3	-8
161	1	-10
162	1	-10
163	3	-8
164	2	-9
165	2	-9
166	3	-8
167	1	-10
168	2	-9
169	2	-9
170	2	-9
171	5	-6
172	8	-3
173	5	-6
174	15	4
175	1	-10
176	1	-10
177	5	-6
178	1	-10
179	1	-10
180	3	-8
181	1	-10
182	39	28
183	1	-10
184	1	-10
185	1	-10
186	1	-10
187	5	-6
188	12	1
189	1	-10
190	1	-10
191	11	0
192	1	-10
193	11	0
194	1	-10
195	1	-10
196	8	-3
197	1	-10
198	1	-10
199	6	-5
200	1	-10
201	2	-9
202	2	-9
203	2	-9
204	2	-9
205	2	-9
206	2	-9
207	13	2
208	1	-10
209	1	-10
210	1	-10
211	1	-10
212	10	-1
213	1	-10
214	3	-8
215	1	-10
216	2	-9
217	20	9
218	1	-10
219	28	17
220	1	-10
221	1	-10
222	1	-10
223	1	-10
224	2	-9
225	2	-9
226	15	4
227	1	-10
228	1	-10
229	2	-9
230	2	-9
231	2	-9
232	2	-9
233	2	-9
234	4	-7
235	1	-10
236	1	-10
237	21	10
238	1	-10
239	1	-10
240	1	-10
241	19	8
242	1	-10
243	1	-10
244	5	-6
245	2	-9
246	8	-3
247	1	-10
248	1	-10
249	1	-10
Prova	Episode	Reward
0	0	-10
1	1	-10
2	1	-10
3	1	-10
4	1	-10
5	3	-8
6	1	-10
7	2	-9
8	10	-1
9	1	-10
10	1	-10
11	2	-9
12	1	-10
13	13	2
14	1	-10
15	1	-10
16	2	-9
17	5	-6
18	8	-3
19	1	-10
20	2	-9
21	9	-2
22	1	-10
23	1	-10
24	1	-10
25	2	-9
26	27	16
27	1	-10
28	2	-9
29	3	-8
30	1	-10
31	2	-9
32	1	-10
33	3	-8
34	5	-6
35	1	-10
36	10	-1
37	1	-10
38	1	-10
39	3	-8
40	1	-10
41	1	-10
42	7	-4
43	1	-10
44	1	-10
45	1	-10
46	1	-10
47	1	-10
48	2	-9
49	2	-9
50	2	-9
51	6	-5
52	6	-5
53	23	12
54	1	-10
55	36	25
56	1	-10
57	1	-10
58	1	-10
59	3	-8
60	3	-8
61	1	-10
62	1	-10
63	1	-10
64	9	-2
65	1	-10
66	1	-10
67	2	-9
68	5	-6
69	1	-10
70	1	-10
71	1	-10
72	2	-9
73	2	-9
74	3	-8
75	2	-9
76	2	-9
77	7	-4
78	1	-10
79	1	-10
80	8	-3
81	16	5
82	1	-10
83	1	-10
84	1	-10
85	1	-10
86	18	7
87	1	-10
88	1	-10
89	2	-9
90	1	-10
91	11	0
92	1	-10
93	16	5
94	1	-10
95	1	-10
96	1	-10
97	1	-10
98	2	-9
99	1	-10
100	3	-8
101	1	-10
102	1	-10
103	7	-4
104	1	-10
105	1	-10
106	2	-9
107	2	-9
108	2	-9
109	11	0
110	1	-10
111	1	-10
112	1	-10
113	8	-3
114	1	-10
115	2	-9
116	10	-1
117	1	-10
118	1	-10
119	1	-10
120	1	-10
121	23	12
122	1	-10
123	1	-10
124	2	-9
125	2	-9
126	2	-9
127	2	-9
128	5	-6
129	1	-10
130	1	-10
131	18	7
132	1	-10
133	10	-1
134	1	-10
135	1	-10
136	2	-9
137	1	-10
138	11	0
139	1	-10
140	26	15
141	1	-10
142	1	-10
143	28	17
144	1	-10
145	1	-10
146	1	-10
147	2	-9
148	2	-9
149	2	-9
150	2	-9
151	10	-1
152	5	-6
153	5	-6
154	2	-9
155	2	-9
156	9	-2
157	1	-10
158	1	-10
159	1	-10
160	1	-10
161	1	-10
162	25	14
163	1	-10
164	1	-10
165	1	-10
166	1	-10
167	1	-10
168	1	-10
169	1	-10
170	2	-9
171	30	19
172	1	-10
173	1	-10
174	26	15
175	1	-10
176	1	-10
177	68	57
178	1	-10
179	5	-6
180	9	-2
181	1	-10
182	1	-10
183	2	-9
184	3	-8
185	2	-9
186	3	-8
187	1	-10
188	4	-7
189	1	-10
190	2	-9
191	2	-9
192	2	-9
193	2	-9
194	3	-8
195	16	5
196	1	-10
197	1	-10
198	2	-9
199	2	-9
200	2	-9
201	6	-5
202	1	-10
203	14	3
204	1	-10
205	1	-10
206	2	-9
207	2	-9
208	1	-10
209	1	-10
210	4	-7
211	1	-10
212	1	-10
213	70	59
214	1	-10
215	1	-10
216	3	-8
217	1	-10
218	1	-10
219	5	-6
220	12	1
221	1	-10
222	1	-10
223	1	-10
224	2	-9
225	7	-4
226	1	-10
227	1	-10
228	1	-10
229	1	-10
230	1	-10
231	5	-6
232	1	-10
233	12	1
234	1	-10
235	1	-10
236	1	-10
237	2	-9
238	2	-9
239	1	-10
240	2	-9
241	8	-3
242	1	-10
243	2	-9
244	3	-8
245	10	-1
246	1	-10
247	1	-10
248	3	-8
249	1	-10
Prova	Episode	Reward
0	0	-10
1	1	-10
2	1	-10
3	1	-10
4	2	-9
5	2	-9
6	6	-5
7	5	-6
8	5	-6
9	12	1
10	1	-10
11	1	-10
12	9	-2
13	1	-10
14	1	-10
15	3	-8
16	1	-10
17	4	-7
18	1	-10
19	1	-10
20	1	-10
21	9	-2
22	1	-10
23	1	-10
24	1	-10
25	23	12
26	1	-10
27	5	-6
28	9	-2
29	1	-10
30	1	-10
31	2	-9
32	2	-9
33	2	-9
34	5	-6
35	56	45
36	1	-10
37	1	-10
38	1	-10
39	2	-9
40	15	4
41	1	-10
42	1	-10
43	1	-10
44	1	-10
45	5	-6
46	1	-10
47	1	-10
48	10	-1
49	14	3
50	1	-10
51	1	-10
52	1	-10
53	2	-9
54	2	-9
55	2	-9
56	2	-9
57	2	-9
58	2	-9
59	12	1
60	1	-10
61	1	-10
62	11	0
63	1	-10
64	1	-10
65	4	-7
66	1	-10
67	15	4
68	1	-10
69	1	-10
70	1	-10
71	38	27
72	1	-10
73	6	-5
74	1	-10
75	5	-6
76	1	-10
77	1	-10
78	7	-4
79	1	-10
80	1	-10
81	2	-9
82	5	-6
83	44	33
84	1	-10
85	1	-10
86	3	-8
87	19	8
88	1	-10
89	1	-10
90	8	-3
91	6	-5
92	13	2
93	1	-10
94	1	-10
95	2	-9
96	11	0
97	1	-10
98	1	-10
99	5	-6
100	1	-10
101	1	-10
102	1	-10
103	1	-10
104	14	3
105	1	-10
106	1	-10
107	15	4
108	1	-10
109	36	25
110	1	-10
111	1	-10
112	3	-8
113	10	-1
114	1	-10
115	1	-10
116	1	-10
117	1	-10
118	14	3
119	1	-10
120	1	-10
121	39	28
122	1	-10
123	1	-10
124	12	1
125	1	-10
126	1	-10
127	1	-10
128	7	-4
129	1	-10
130	1	-10
131	2	-9
132	2	-9
133	2	-9
134	1	-10
135	3	-8
136	1	-10
137	1	-10
138	1	-10
139	1	-10
140	49	38
141	1	-10
142	1	-10
143	3	-8
144	2	-9
145	2	-9
146	4	-7
147	26	15
148	1	-10
149	1	-10
150	3	-8
151	1	-10
152	2	-9
153	2	-9
154	7	-4
155	1	-10
156	1	-10
157	3	-8
158	2	-9
159	2	-9
160	15	4
161	1	-10
162	1	-10
163	1	-10
164	1	-10
165	3	-8
166	1	-10
167	1	-10
168	1	-10
169	1	-10
170	19	8
171	1	-10
172	1	-10
173	3	-8
174	9	-2
175	1	-10
176	1	-10
177	2	-9
178	1	-10
179	1	-10
180	2	-9
181	2	-9
182	29	18
183	1	-10
184	1	-10
185	1	-10
186	21	10
187	1	-10
188	1	-10
189	5	-6
190	1	-10
191	1	-10
192	2	-9
193	3	-8
194	2	-9
195	2	-9
196	6	-5
197	2	-9
198	1	-10
199	6	-5
200	46	35
201	1	-10
202	1	-10
203	6	-5
204	11	0
205	1	-10
206	1	-10
207	1	-10
208	1	-10
209	34	23
210	1	-10
211	1	-10
212	1	-10
213	2	-9
214	3	-8
215	1	-10
216	2	-9
217	3	-8
218	1	-10
219	1	-10
220	47	36
221	1	-10
222	1	-10
223	1	-10
224	2	-9
225	2	-9
226	2	-9
227	2	-9
228	6	-5
229	1	-10
230	2	-9
231	7	-4
232	3	-8
233	1	-10
234	1	-10
235	33	22
236	1	-10
237	1	-10
238	3	-8
239	2	-9
240	7	-4
241	1	-10
242	29	18
243	1	-10
244	1	-10
245	2	-9
246	2	-9
247	2	-9
248	15	4
249	1	-10
Prova	Episode	Reward
0	0	-10
1	1	-10
2	3	-8
3	1	-10
4	1	-10
5	37	26
6	1	-10
7	1	-10
8	1	-10
9	1	-10
10	13	2
11	1	-10
12	1	-10
13	2	-9
14	2	-9
15	2	-9
16	3	-8
17	2	-9
18	2	-9
19	2	-9
20	2	-9
21	2	-9
22	2	-9
23	2	-9
24	2	-9
25	5	-6
26	1	-10
27	19	8
28	1	-10
29	2	-9
30	2	-9
31	1	-10
32	1	-10
33	26	15
34	1	-10
35	1	-10
36	1	-10
37	6	-5
38	13	2
39	1	-10
40	3	-8
41	2	-9
42	1	-10
43	1	-10
44	19	8
45	1	-10
46	1	-10
47	4	-7
48	1	-10
49	5	-6
50	1	-10
51	1	-10
52	6	-5
53	35	24
54	1	-10
55	1	-10
56	2	-9
57	2	-9
58	2	-9
59	2	-9
60	29	18
61	1	-10
62	1	-10
63	2	-9
64	17	6
65	1	-10
66	1	-10
67	1	-10
68	14	3
69	1	-10
70	1	-10
71	1	-10
72	1	-10
73	2	-9
74	26	15
75	1	-10
76	1	-10
77	2	-9
78	17	6
79	1	-10
80	1	-10
81	3	-8
82	1	-10
83	10	-1
84	1	-10
85	1	-10
86	1	-10
87	30	19
88	1	-10
89	1	-10
90	3	-8
91	1	-10
92	2	-9
93	12	1
94	1	-10
95	1	-10
96	63	52
97	1	-10
98	1	-10
99	1	-10
100	21	10
101	1	-10
102	2	-9
103	2	-9
104	2	-9
105	2	-9
106	2	-9
107	2	-9
108	2	-9
109	2	-9
110	2	-9
111	4	-7
112	1	-10
113	7	-4
114	50	39
115	1	-10
116	1	-10
117	11	0
118	1	-10
119	1	-10
120	1	-10
121	7	-4
122	1	-10
123	5	-6
124	2	-9
125	2	-9
126	13	2
127	1	-10
128	3	-8
129	2	-9
130	2	-9
131	2	-9
132	2	-9
133	14	3
134	23	12
135	1	-10
136	1	-10
137	10	-1
138	1	-10
139	3	-8
140	1	-10
141	2	-9
142	17	6
143	1	-10
144	1	-10
145	1	-10
146	20	9
147	1	-10
148	1	-10
149	7	-4
150	1	-10
151	6	-5
152	1	-10
153	9	-2
154	1	-10
155	1	-10
156	31	20
157	1	-10
158	1	-10
159	3	-8
160	3	-8
161	15	4
162	1	-10
163	1	-10
164	41	30
165	1	-10
166	1	-10
167	2	-9
168	2	-9
169	2	-9
170	4	-7
171	1	-10
172	1	-10
173	5	-6
174	26	15
175	1	-10
176	1	-10
177	3	-8
178	1	-10
179	11	0
180	1	-10
181	1	-10
182	1	-10
183	6	-5
184	2	-9
185	1	-10
186	1	-10
187	1	-10
188	15	4
189	1	-10
190	1	-10
191	1	-10
192	50	39
193	1	-10
194	1	-10
195	1	-10
196	1	-10
197	2	-9
198	7	-4
199	22	11
200	1	-10
201	10	-1
202	1	-10
203	1	-10
204	5	-6
205	1	-10
206	14	3
207	1	-10
208	27	16
209	1	-10
210	1	-10
211	19	8
212	1	-10
213	1	-10
214	2	-9
215	3	-8
216	1	-10
217	1	-10
218	7	-4
219	24	13
220	1	-10
221	1	-10
222	5	-6
223	1	-10
224	5	-6
225	1	-10
226	1	-10
227	6	-5
228	13	2
229	1	-10
230	1	-10
231	1	-10
232	1	-10
233	2	-9
234	4	-7
235	1	-10
236	19	8
237	1	-10
238	1	-10
239	5	-6
240	51	40
241	1	-10
242	1	-10
243	1	-10
244	20	9
245	1	-10
246	1	-10
247	1	-10
248	26	15
249	1	-10
Prova	Episode	Reward
0	0	-10
1	1	-10
2	1	-10
3	32	21
4	1	-10
5	1	-10
6	2	-9
7	4	-7
8	1	-10
9	21	10
10	1	-10
11	1	-10
12	9	-2
13	1	-10
14	1	-10
15	3	-8
16	1	-10
17	1	-10
18	2	-9
19	3	-8
20	5	-6
21	1	-10
22	10	-1
23	1	-10
24	1	-10
25	16	5
26	1	-10
27	23	12
28	1	-10
29	5	-6
30	1	-10
31	10	-1
32	1	-10
33	1	-10
34	25	14
35	1	-10
36	1	-10
37	48	37
38	1	-10
39	1	-10
40	3	-8
41	7	-4
42	1	-10
43	14	3
44	1	-10
45	2	-9
46	3	-8
47	2	-9
48	37	26
49	1	-10
50	1	-10
51	3	-8
52	1	-10
53	3	-8
54	1	-10
55	1	-10
56	2	-9
57	5	-6
58	1	-10
59	1	-10
60	1	-10
61	2	-9
62	15	4
63	1	-10
64	1	-10
65	26	15
66	1	-10
67	1	-10
68	2	-9
69	2	-9
70	2	-9
71	3	-8
72	53	42
73	1	-10
74	1	-10
75	1	-10
76	5	-6
77	23	12
78	1	-10
79	1	-10
80	1	-10
81	1	-10
82	2	-9
83	2	-9
84	6	-5
85	21	10
86	1	-10
87	1	-10
88	17	6
89	1	-10
90	1	-10
91	1	-10
92	2	-9
93	37	26
94	1	-10
95	1	-10
96	1	-10
97	1	-10
98	2	-9
99	2	-9
100	2	-9
101	3	-8
102	5	-6
103	3	-8
104	1	-10
105	1	-10
106	9	-2
107	1	-10
108	1	-10
109	1	-10
110	1	-10
111	9	-2
112	31	20
113	1	-10
114	2	-9
115	1	-10
116	14	3
117	1	-10
118	2	-9
119	1	-10
120	1	-10
121	10	-1
122	1	-10
123	1	-10
124	11	0
125	1	-10
126	1	-10
127	1	-10
128	2	-9
129	2	-9
130	2	-9
131	17	6
132	1	-10
133	1	-10
134	2	-9
135	1	-10
136	3	-8
137	1	-10
138	2	-9
139	3	-8
140	1	-10
141	5	-6
142	4	-7
143	1	-10
144	1	-10
145	2	-9
146	2	-9
147	18	7
148	1	-10
149	2	-9
150	2	-9
151	28	17
152	1	-10
153	1	-10
154	4	-7
155	1	-10
156	2	-9
157	2	-9
158	8	-3
159	1	-10
160	1	-10
161	6	-5
162	1	-10
163	19	8
164	1	-10
165	1	-10
166	3	-8
167	2	-9
168	5	-6
169	5	-6
170	1	-10
171	2	-9
172	2	-9
173	2	-9
174	2	-9
175	2	-9
176	2	-9
177	2	-9
178	47	36
179	1	-10
180	1	-10
181	1	-10
182	1	-10
183	7	-4
184	1	-10
185	10	-1
186	5	-6
187	12	1
188	1	-10
189	7	-4
190	1	-10
191	9	-2
192	11	0
193	1	-10
194	1	-10
195	5	-6
196	1	-10
197	1	-10
198	3	-8
199	3	-8
200	2	-9
201	2	-9
202	29	18
203	1	-10
204	1	-10
205	18	7
206	1	-10
207	1	-10
208	1	-10
209	1	-10
210	7	-4
211	1	-10
212	2	-9
213	4	-7
214	2	-9
215	15	4
216	1	-10
217	1	-10
218	3	-8
219	22	11
220	1	-10
221	13	2
222	1	-10
223	1	-10
224	1	-10
225	3	-8
226	2	-9
227	2	-9
228	2	-9
229	9	-2
230	24	13
231	1	-10
232	1	-10
233	1	-10
234	2	-9
235	2	-9
236	2	-9
237	3	-8
238	18	7
239	1	-10
240	13	2
241	1	-10
242	1	-10
243	27	16
244	1	-10
245	1	-10
246	30	19
247	1	-10
248	1	-10
249	1	-10
Prova	Episode	Reward
0	0	-10
1	1	-10
2	1	-10
3	3	-8
4	1	-10
5	2	-9
6	1	-10
7	1	-10
8	6	-5
9	1	-10
10	2	-9
11	1	-10
12	2	-9
13	44	33
14	1	-10
15	1	-10
16	2	-9
17	2	-9
18	2	-9
19	2	-9
20	2	-9
21	2	-9
22	2	-9
23	5	-6
24	1	-10
25	1	-10
26	9	-2
27	1	-10
28	1	-10
29	5	-6
30	5	-6
31	2	-9
32	2	-9
33	2	-9
34	2	-9
35	3	-8
36	26	15
37	1	-10
38	1	-10
39	60	49
40	1	-10
41	1	-10
42	5	-6
43	1	-10
44	2	-9
45	9	-2
46	33	22
47	1	-10
48	1	-10
49	13	2
50	1	-10
51	1	-10
52	1	-10
53	3	-8
54	1	-10
55	1	-10
56	2	-9
57	1	-10
58	19	8
59	1	-10
60	1	-10
61	13	2
62	1	-10
63	1	-10
64	6	-5
65	1	-10
66	1	-10
67	1	-10
68	2	-9
69	1	-10
70	1	-10
71	42	31
72	1	-10
73	2	-9
74	3	-8
75	1	-10
76	1	-10
77	1	-10
78	1	-10
79	30	19
80	1	-10
81	4	-7
82	1	-10
83	1	-10
84	1	-10
85	2	-9
86	2	-9
87	2	-9
88	3	-8
89	2	-9
90	3	-8
91	10	-1
92	2	-9
93	1	-10
94	2	-9
95	4	-7
96	2	-9
97	2	-9
98	2	-9
99	4	-7
100	1	-10
101	12	1
102	1	-10
103	1	-10
104	5	-6
105	58	47
106	1	-10
107	1	-10
108	10	-1
109	1	-10
110	5	-6
111	1	-10
112	14	3
113	1	-10
114	1	-10
115	14	3
116	1	-10
117	1	-10
118	13	2
119	8	-3
120	1	-10
121	1	-10
122	1	-10
123	11	0
124	1	-10
125	3	-8
126	13	2
127	1	-10
128	1	-10
129	3	-8
130	1	-10
131	1	-10
132	1	-10
133	18	7
134	1	-10
135	2	-9
136	2	-9
137	3	-8
138	2	-9
139	18	7
140	1	-10
141	6	-5
142	2	-9
143	21	10
144	1	-10
145	1	-10
146	27	16
147	1	-10
148	1	-10
149	1	-10
150	1	-10
151	2	-9
152	44	33
153	1	-10
154	1	-10
155	11	0
156	1	-10
157	1	-10
158	1	-10
159	43	32
160	1	-10
161	1	-10
162	1	-10
163	1	-10
164	2	-9
165	1	-10
166	1	-10
167	50	39
168	1	-10
169	1	-10
170	4	-7
171	2	-9
172	14	3
173	1	-10
174	1	-10
175	1	-10
176	1	-10
177	36	25
178	1	-10
179	2	-9
180	61	50
181	1	-10
182	1	-10
183	1	-10
184	1	-10
185	2	-9
186	2	-9
187	18	7
188	1	-10
189	1	-10
190	1	-10
191	1	-10
192	5	-6
193	1	-10
194	1	-10
195	2	-9
196	1	-10
197	4	-7
198	1	-10
199	1	-10
200	2	-9
201	29	18
202	1	-10
203	1	-10
204	1	-10
205	29	18
206	1	-10
207	1	-10
208	21	10
209	1	-10
210	1	-10
211	6	-5
212	1	-10
213	5	-6
214	1	-10
215	1	-10
216	13	2
217	1	-10
218	1	-10
219	2	-9
220	12	1
221	1	-10
222	1	-10
223	1	-10
224	10	-1
225	4	-7
226	2	-9
227	3	-8
228	1	-10
229	7	-4
230	1	-10
231	1	-10
232	2	-9
233	7	-4
234	1	-10
235	6	-5
236	7	-4
237	1	-10
238	1	-10
239	2	-9
240	1	-10
241	40	29
242	1	-10
243	1	-10
244	10	-1
245	1	-10
246	7	-4
247	8	-3
248	13	2
249	1	-10
Prova	Episode	Reward
0	0	-10
1	1	-10
2	1	-10
3	1	-10
4	3	-8
5	1	-10
6	1	-10
7	1	-10
8	5	-6
9	2	-9
10	2	-9
11	2	-9
12	6	-5
13	1	-10
14	3	-8
15	1	-10
16	9	-2
17	1	-10
18	1	-10
19	4	-7
20	55	44
21	1	-10
22	1	-10
23	1	-10
24	1	-10
25	5	-6
26	14	3
27	1	-10
28	3	-8
29	40	29
30	1	-10
31	1	-10
32	26	15
33	1	-10
34	1	-10
35	1	-10
36	3	-8
37	1	-10
38	34	23
39	1	-10
40	1	-10
41	41	30
42	1	-10
43	1	-10
44	1	-10
45	3	-8
46	2	-9
47	14	3
48	1	-10
49	2	-9
50	2	-9
51	15	4
52	1	-10
53	1	-10
54	21	10
55	1	-10
56	1	-10
57	32	21
58	1	-10
59	1	-10
60	13	2
61	1	-10
62	1	-10
63	2	-9
64	4	-7
65	1	-10
66	3	-8
67	1	-10
68	1	-10
69	18	7
70	1	-10
71	1	-10
72	9	-2
73	1	-10
74	1	-10
75	12	1
76	13	2
77	1	-10
78	2	-9
79	1	-10
80	14	3
81	1	-10
82	1	-10
83	1	-10
84	1	-10
85	2	-9
86	22	11
87	1	-10
88	1	-10
89	2	-9
90	1	-10
91	10	-1
92	1	-10
93	1	-10
94	2	-9
95	3	-8
96	12	1
97	1	-10
98	1	-10
99	9	-2
100	4	-7
101	1	-10
102	1	-10
103	2	-9
104	36	25
105	1	-10
106	6	-5
107	9	-2
108	1	-10
109	25	14
110	1	-10
111	1	-10
112	5	-6
113	1	-10
114	2	-9
115	7	-4
116	1	-10
117	1	-10
118	29	18
119	1	-10
120	1	-10
121	10	-1
122	1	-10
123	1	-10
124	1	-10
125	2	-9
126	9	-2
127	5	-6
128	1	-10
129	4	-7
130	1	-10
131	2	-9
132	12	1
133	1	-10
134	1	-10
135	4	-7
136	1	-10
137	1	-10
138	2	-9
139	1	-10
140	5	-6
141	27	16
142	1	-10
143	1	-10
144	4	-7
145	1	-10
146	13	2
147	1	-10
148	36	25
149	1	-10
150	1	-10
151	4	-7
152	1	-10
153	4	-7
154	2	-9
155	31	20
156	1	-10
157	1	-10
158	19	8
159	1	-10
160	1	-10
161	1	-10
162	16	5
163	1	-10
164	28	17
165	1	-10
166	1	-10
167	7	-4
168	1	-10
169	1	-10
170	1	-10
171	21	10
172	1	-10
173	7	-4
174	1	-10
175	6	-5
176	1	-10
177	61	50
178	1	-10
179	2	-9
180	2	-9
181	22	11
182	1	-10
183	1	-10
184	7	-4
185	29	18
186	1	-10
187	1	-10
188	1	-10
189	2	-9
190	22	11
191	1	-10
192	7	-4
193	1	-10
194	7	-4
195	4	-7
196	1	-10
197	3	-8
198	2	-9
199	58	47
200	1	-10
201	1	-10
202	5	-6
203	7	-4
204	1	-10
205	1	-10
206	2	-9
207	1	-10
208	2	-9
209	2	-9
210	3	-8
211	2	-9
212	2	-9
213	10	-1
214	1	-10
215	3	-8
216	1	-10
217	1	-10
218	1	-10
219	1	-10
220	2	-9
221	11	0
222	1	-10
223	52	41
224	1	-10
225	1	-10
226	5	-6
227	2	-9
228	2	-9
229	2	-9
230	2	-9
231	2	-9
232	2	-9
233	2	-9
234	16	5
235	1	-10
236	2	-9
237	2	-9
238	1	-10
239	1	-10
240	2	-9
241	2	-9
242	2	-9
243	29	18
244	1	-10
245	7	-4
246	1	-10
247	2	-9
248	2	-9
249	15	4
Prova	Episode	Reward
0	0	-10
1	1	-10
2	1	-10
3	1	-10
4	5	-6
5	9	-2
6	1	-10
7	1	-10
8	2	-9
9	2	-9
10	31	20
11	1	-10
12	1	-10
13	1	-10
14	2	-9
15	2	-9
16	2	-9
17	2	-9
18	3	-8
19	6	-5
20	27	16
21	1	-10
22	1	-10
23	1	-10
24	10	-1
25	12	1
26	1	-10
27	2	-9
28	2	-9
29	15	4
30	1	-10
31	1	-10
32	3	-8
33	1	-10
34	37	26
35	1	-10
36	1	-10
37	1	-10
38	9	-2
39	1	-10
40	2	-9
41	6	-5
42	16	5
43	1	-10
44	1	-10
45	2	-9
46	2	-9
47	2	-9
48	2	-9
49	2	-9
50	2	-9
51	2	-9
52	65	54
53	1	-10
54	1	-10
55	1	-10
56	28	17
57	1	-10
58	1	-10
59	2	-9
60	2	-9
61	7	-4
62	1	-10
63	19	8
64	1	-10
65	1	-10
66	1	-10
67	2	-9
68	22	11
69	1	-10
70	1	-10
71	2	-9
72	2	-9
73	8	-3
74	1	-10
75	1	-10
76	5	-6
77	1	-10
78	6	-5
79	21	10
80	1	-10
81	23	12
82	1	-10
83	2	-9
84	3	-8
85	1	-10
86	5	-6
87	7	-4
88	1	-10
89	2	-9
90	2	-9
91	58	47
92	1	-10
93	1	-10
94	3	-8
95	1	-10
96	3	-8
97	1	-10
98	2	-9
99	1	-10
100	1	-10
101	1	-10
102	2	-9
103	5	-6
104	1	-10
105	2	-9
106	5	-6
107	21	10
108	1	-10
109	1	-10
110	1	-10
111	17	6
112	1	-10
113	1	-10
114	9	-2
115	1	-10
116	1	-10
117	21	10
118	1	-10
119	1	-10
120	8	-3
121	1	-10
122	2	-9
123	2	-9
124	7	-4
125	1	-10
126	9	-2
127	1	-10
128	3	-8
129	3	-8
130	24	13
131	1	-10
132	1	-10
133	1	-10
134	1	-10
135	2	-9
136	2	-9
137	3	-8
138	1	-10
139	1	-10
140	3	-8
141	3	-8
142	2	-9
143	2	-9
144	19	8
145	1	-10
146	1	-10
147	1	-10
148	17	6
149	1	-10
150	1	-10
151	8	-3
152	1	-10
153	1	-10
154	1	-10
155	2	-9
156	2	-9
157	4	-7
158	12	1
159	1	-10
160	1	-10
161	2	-9
162	2	-9
163	2	-9
164	2	-9
165	34	23
166	1	-10
167	1	-10
168	10	-1
169	1	-10
170	1	-10
171	1	-10
172	3	-8
173	1	-10
174	5	-6
175	2	-9
176	2	-9
177	21	10
178	1	-10
179	1	-10
180	3	-8
181	1	-10
182	17	6
183	1	-10
184	11	0
185	1	-10
186	1	-10
187	1	-10
188	1	-10
189	1	-10
190	3	-8
191	10	-1
192	1	-10
193	1	-10
194	15	4
195	1	-10
196	1	-10
197	2	-9
198	11	0
199	1	-10
200	1	-10
201	10	-1
202	7	-4
203	1	-10
204	4	-7
205	2	-9
206	2	-9
207	2	-9
208	16	5
209	1	-10
210	2	-9
211	6	-5
212	4	-7
213	1	-10
214	2	-9
215	2	-9
216	2	-9
217	2	-9
218	1	-10
219	1	-10
220	6	-5
221	13	2
222	1	-10
223	5	-6
224	1	-10
225	1	-10
226	2	-9
227	1	-10
228	1	-10
229	2	-9
230	2	-9
231	2	-9
232	2	-9
233	2	-9
234	21	10
235	1	-10
236	1	-10
237	3	-8
238	1	-10
239	1	-10
240	11	0
241	1	-10
242	2	-9
243	6	-5
244	1	-10
245	18	7
246	1	-10
247	1	-10
248	19	8
249	1	-10
Prova	Episode	Reward
0	0	-10
1	1	-10
2	2	-9
3	1	-10
4	1	-10
5	10	-1
6	1	-10
7	2	-9
8	15	4
9	1	-10
10	1	-10
11	3	-8
12	1	-10
13	1	-10
14	6	-5
15	1	-10
16	1	-10
17	1	-10
18	22	11
19	1	-10
20	1	-10
21	2	-9
22	2	-9
23	2	-9
24	4	-7
25	35	24
26	1	-10
27	1	-10
28	1	-10
29	20	9
30	1	-10
31	1	-10
32	2	-9
33	2	-9
34	2	-9
35	11	0
36	9	-2
37	1	-10
38	1	-10
39	2	-9
40	2	-9
41	2	-9
42	4	-7
43	4	-7
44	2	-9
45	2	-9
46	23	12
47	1	-10
48	1	-10
49	1	-10
50	3	-8
51	1	-10
52	1	-10
53	2	-9
54	2	-9
Prova	Episode	Reward
0	0	-10
1	1	-10
2	2	-9
3	4	-7
4	1	-10
5	5	-6
6	5	-6
7	1	-10
8	1	-10
9	2	-9
10	3	-8
11	1	-10
12	1	-10
13	2	-9
14	3	-8
15	1	-10
16	2	-9
17	2	-9
