Prova	Episode	Reward
0	64	1065
1	75	1230
2	38	535
3	42	600
4	41	590
5	41	580
6	35	475
7	36	490
8	35	480
9	36	500
10	37	515
11	35	480
12	35	475
13	36	500
14	34	460
15	35	475
16	34	460
17	34	460
18	34	460
19	36	495
20	34	460
21	34	460
22	34	460
23	34	460
24	35	475
25	34	460
26	34	460
27	34	460
28	34	460
29	34	460
30	34	460
31	34	460
32	34	460
33	34	455
34	34	460
35	34	460
36	34	460
37	34	460
38	35	475
39	34	460
40	34	460
41	34	460
42	34	460
43	35	480
44	34	460
45	34	460
46	34	460
47	35	480
48	34	465
49	34	460
50	34	460
51	34	460
52	34	460
53	34	460
54	35	480
55	34	460
56	35	480
57	35	480
58	35	480
59	34	460
60	34	460
61	34	460
62	34	460
63	34	460
64	34	460
65	34	460
66	35	480
67	35	475
68	34	460
69	34	460
Prova	Episode	Reward
0	66	1115
1	50	755
2	46	665
3	38	510
4	41	575
5	39	540
6	38	535
7	38	535
8	35	475
9	35	480
10	34	460
11	35	480
12	37	510
13	36	495
14	35	480
15	35	480
16	34	460
17	34	460
18	35	480
19	35	480
20	34	460
21	34	460
22	34	460
23	35	470
24	34	460
25	34	460
Prova	Episode	Reward
0	66	1105
Prova	Episode	Reward
0	60	-154
1	101	-114
2	49	-144
3	39	-134
4	39	-134
5	37	-132
6	37	-132
7	37	-132
8	37	-132
9	39	-134
10	35	-130
11	35	-130
12	34	-129
13	35	-130
14	35	-130
15	35	-130
16	34	-129
17	34	-129
18	34	-129
19	34	-129
20	35	-130
21	35	-130
22	34	-129
23	34	-129
24	34	-129
25	34	-129
26	35	-130
27	34	-129
28	34	-129
29	34	-129
30	34	-129
31	34	-129
32	34	-129
33	34	-129
34	34	-129
35	34	-129
36	34	-129
Prova	Episode	Reward
0	61	-153
1	102	-119
2	42	-135
3	39	-134
4	41	-136
5	38	-133
6	36	-131
7	35	-130
8	37	-132
9	36	-131
10	38	-133
11	36	-131
12	34	-129
13	35	-130
14	34	-129
15	35	-130
16	37	-132
17	35	-130
18	34	-129
19	34	-129
20	35	-130
21	35	-130
22	34	-129
23	35	-130
Prova	Episode	Reward
0	56	-150
1	79	-154
2	69	-146
3	54	-145
4	40	-135
5	40	-135
6	40	-135
7	38	-131
8	37	-132
9	38	-133
10	36	-131
11	39	-134
12	34	-129
13	34	-129
14	34	-129
15	34	-129
16	34	-129
17	34	-129
18	35	-130
19	34	-129
20	34	-129
21	34	-129
22	34	-129
23	34	-129
Prova	Episode	Reward
0	61	-153
1	73	-152
2	88	-155
3	44	-139
4	47	-138
5	36	-131
6	39	-134
7	42	-137
8	40	-135
9	40	-135
10	35	-130
11	35	-130
12	35	-130
13	35	-130
14	35	-130
15	35	-130
16	35	-130
17	36	-131
18	34	-129
19	34	-129
20	34	-129
21	34	-129
22	34	-129
23	34	-129
24	34	-129
25	34	-129
26	34	-129
27	35	-130
28	34	-129
29	35	-130
30	34	-129
31	34	-129
32	34	-129
33	34	-129
34	34	-129
35	34	-129
36	34	-129
37	34	-129
38	34	-129
39	34	-129
40	34	-129
41	34	-129
42	34	-129
43	35	-130
44	34	-129
45	35	-130
46	34	-129
47	34	-129
48	34	-129
49	35	-130
50	34	-129
51	34	-129
52	34	-129
53	34	-129
54	34	-129
55	34	-129
56	34	-129
57	34	-129
58	34	-129
59	34	-129
60	34	-129
61	34	-129
62	34	-129
63	34	-129
64	34	-129
65	34	-129
66	35	-130
67	34	-129
68	35	-130
69	34	-129
Prova	Episode	Reward
0	58	-148
1	98	-139
2	54	-149
3	52	-139
4	39	-134
5	41	-136
6	37	-132
7	38	-133
8	37	-132
9	39	-134
10	35	-130
11	34	-129
12	39	-134
13	36	-131
14	34	-129
Prova	Episode	Reward
0	53	-149
1	67	-162
2	99	-182
3	44	-139
4	45	-142
5	38	-137
6	40	-137
7	35	-132
8	37	-136
9	35	-132
10	35	-132
11	35	-132
12	37	-136
13	34	-131
14	34	-131
15	36	-133
16	37	-134
17	34	-131
18	34	-131
19	34	-131
20	34	-131
21	35	-132
22	34	-131
23	34	-131
24	34	-131
25	34	-131
26	34	-131
27	35	-132
28	34	-131
29	34	-131
30	34	-131
31	34	-133
32	34	-131
33	34	-133
34	34	-131
35	34	-131
36	34	-131
37	35	-134
38	34	-131
39	34	-131
40	34	-131
41	34	-131
42	34	-131
43	34	-131
44	34	-131
45	35	-132
46	34	-131
47	34	-131
48	34	-131
49	34	-131
50	35	-132
51	34	-131
52	34	-131
53	34	-131
54	34	-131
55	34	-131
56	34	-131
57	34	-131
58	34	-131
59	34	-131
60	34	-131
61	34	-131
62	35	-132
63	34	-131
64	34	-131
65	34	-131
66	34	-131
67	34	-131
68	35	-132
69	34	-131
Prova	Episode	Reward
0	53	-147
Prova	Episode	Reward
0	61	-159
1	107	-190
2	64	-159
3	83	-174
4	59	-156
5	70	-165
6	90	-177
7	46	-141
8	45	-142
9	41	-138
10	39	-136
11	40	-137
12	39	-136
13	36	-133
14	35	-132
15	35	-132
16	36	-133
17	34	-131
18	36	-133
19	34	-131
20	34	-131
21	34	-131
22	35	-132
23	34	-131
24	34	-131
25	34	-131
26	34	-131
27	35	-132
28	34	-131
29	34	-131
30	35	-132
31	34	-131
32	34	-131
33	34	-131
34	35	-132
35	34	-131
36	34	-131
37	34	-131
38	34	-131
39	35	-132
40	34	-131
41	34	-131
42	34	-131
43	34	-131
44	35	-132
45	35	-132
46	34	-131
47	34	-131
48	34	-131
49	34	-131
50	34	-131
51	34	-131
52	34	-131
53	34	-131
54	34	-131
55	34	-131
56	34	-131
57	34	-131
58	34	-131
59	34	-131
60	34	-131
61	34	-131
62	34	-131
63	34	-131
64	34	-131
65	34	-131
66	35	-132
67	34	-131
68	34	-131
69	34	-131
Prova	Episode	Reward
0	60	-154
1	107	-188
2	62	-157
3	119	-210
4	82	-171
5	106	-197
6	77	-166
7	63	-158
8	119	-200
9	53	-146
10	40	-137
11	40	-137
12	44	-141
13	44	-143
14	41	-138
15	39	-136
16	37	-134
17	35	-132
18	38	-135
19	37	-134
20	36	-133
21	36	-133
22	34	-131
23	35	-132
24	36	-133
25	36	-133
26	34	-131
27	35	-132
28	34	-131
29	35	-132
30	34	-131
31	34	-131
32	35	-132
33	34	-131
34	34	-131
35	34	-131
36	35	-132
37	34	-131
38	34	-131
39	35	-132
40	34	-131
41	34	-131
42	34	-131
43	34	-131
44	34	-131
45	36	-131
46	34	-131
47	34	-131
48	34	-131
49	34	-131
50	34	-131
51	34	-131
52	34	-131
53	35	-132
54	34	-131
55	34	-131
56	34	-131
57	34	-131
58	34	-131
59	35	-132
60	34	-131
61	34	-131
62	34	-131
63	34	-131
64	34	-131
65	34	-131
66	34	-131
67	35	-132
68	34	-131
69	34	-131
Prova	Episode	Reward majtas
0	43	-139
1	34	-131
2	34	-131
Prova	Episode	Reward djathtas
0	106	-200
1	70	-167
2	70	-167
3	70	-167
4	70	-167
Prova	Episode	Reward drejt
0	51	-147
1	211	26
Prova	Episode	Reward
0	58	-158
1	38	-135
Prova	Episode	Reward
0	56	-94
1	70	-123
2	67	-110
3	73	-114
4	99	-124
5	59	-118
6	69	-118
7	63	-108
8	85	-132
9	56	-99
10	84	-131
11	67	-98
12	59	-92
13	46	-83
14	44	-77
15	37	-70
16	40	-75
17	36	-75
18	39	-70
19	35	-72
20	38	-71
21	35	-70
22	35	-74
23	35	-70
24	35	-72
25	35	-68
26	36	-71
27	35	-72
28	34	-69
29	35	-70
30	34	-69
31	34	-69
32	35	-70
33	34	-69
34	34	-69
35	34	-69
36	34	-69
37	34	-69
38	34	-69
39	34	-69
40	34	-69
41	34	-69
42	35	-68
43	34	-69
44	35	-68
45	34	-71
46	34	-69
47	34	-69
48	34	-69
49	34	-69
50	34	-69
51	34	-69
52	34	-69
53	35	-70
54	34	-69
55	34	-69
56	34	-69
57	34	-69
58	35	-68
59	34	-69
60	34	-71
61	34	-69
62	34	-69
63	35	-70
64	34	-69
65	35	-70
66	34	-69
67	35	-70
68	34	-69
69	34	-69
Prova	Episode	Reward
0	64	-84
1	67	-128
2	59	-106
3	63	-116
4	116	-151
5	61	-98
6	72	-119
7	66	-105
8	78	-119
9	78	-115
10	66	-99
11	48	-91
12	54	-87
13	54	-89
14	45	-82
15	48	-77
16	38	-73
17	39	-76
18	35	-76
19	35	-72
20	35	-70
21	35	-72
22	35	-70
23	36	-69
24	36	-69
25	35	-70
26	35	-70
27	34	-69
28	34	-69
29	34	-69
30	34	-69
31	34	-69
32	34	-69
33	34	-69
34	34	-71
35	34	-69
36	35	-68
37	34	-69
38	34	-71
39	34	-69
40	34	-69
41	34	-69
42	35	-68
43	34	-69
44	34	-69
45	34	-69
46	34	-69
47	34	-69
48	34	-69
49	35	-70
50	34	-69
51	34	-69
52	34	-69
53	34	-69
54	34	-69
55	35	-70
56	34	-69
57	35	-70
58	34	-69
59	34	-69
60	34	-69
61	34	-69
62	34	-69
63	35	-70
64	34	-69
65	34	-69
66	34	-69
67	34	-69
68	35	-70
69	34	-69
Prova	Episode	Reward
0	63	-455
1	59	-328
2	74	-313
3	60	-316
4	52	-346
5	68	-341
Prova	Episode	Reward
0	53	-377
Prova	Episode	Reward
0	0	1
1	1	1
2	1	1
3	1	1
4	1	-10
5	1	1
6	1	1
7	1	-10
8	1	1
9	1	-10
10	1	1
11	1	1
12	1	-10
13	1	-10
14	1	-10
15	1	1
16	1	1
17	1	1
18	1	-10
19	1	1
20	1	1
21	1	-10
22	1	-10
23	1	1
24	1	1
25	1	-10
26	1	-10
27	1	1
28	1	1
29	1	-10
30	1	1
31	1	1
32	1	1
33	1	1
34	1	-10
35	1	1
36	1	-10
37	1	-10
38	1	1
39	1	-10
40	1	1
41	1	1
42	1	-10
43	1	-10
44	1	-10
45	1	1
46	1	1
47	1	-10
48	1	1
49	1	-10
50	1	1
51	1	1
52	1	-10
53	1	-10
54	1	1
55	1	-10
56	1	1
57	1	1
58	1	-10
59	1	-10
60	1	1
61	1	1
62	1	1
63	1	-10
64	1	-10
65	1	1
66	1	-10
67	1	1
68	1	1
69	1	1
Prova	Episode	Reward
0	2	-8
1	2	-9
2	1	-10
3	5	-6
4	2	-9
5	1	-10
6	2	-9
7	19	8
8	1	-10
9	1	-10
10	1	-10
11	2	-9
12	3	-8
13	2	-9
14	1	-10
15	4	-7
16	1	-10
17	1	-10
18	5	-6
19	2	-9
20	3	-8
21	1	-10
22	3	-8
23	1	-10
24	3	-8
25	3	-8
26	1	-10
27	11	0
28	1	-10
29	1	-10
30	1	-10
31	3	-8
32	1	-10
33	7	-4
34	1	-10
35	3	-8
36	2	-9
37	1	-10
38	1	-10
39	1	-10
40	5	-6
41	1	-10
42	2	-9
43	4	-7
44	1	-10
45	6	-5
46	1	-10
47	4	-7
48	1	-10
49	5	-6
50	1	-10
51	1	-10
52	2	-9
53	6	-5
54	1	-10
55	6	-5
56	1	-10
57	5	-6
58	1	-10
59	2	-9
60	5	-6
61	1	-10
62	1	-10
63	5	-6
64	1	-10
65	5	-6
66	1	-10
67	6	-5
68	1	-10
69	4	-7
Prova	Episode	Reward  epsilon 50
0	1	-9
1	2	-9
2	2	-9
3	1	-10
4	7	-4
5	1	-10
6	1	-10
7	1	-10
8	1	-10
9	15	4
10	1	-10
11	1	-10
12	3	-8
13	1	-10
14	2	-9
15	2	-9
16	3	-8
17	1	-10
18	5	-6
19	1	-10
20	5	-6
21	1	-10
22	1	-10
23	6	-5
24	1	-10
25	2	-9
26	2	-9
27	5	-6
28	1	-10
29	2	-9
30	1	-10
31	1	-10
32	1	-10
33	2	-9
34	1	-10
35	1	-10
36	12	1
37	1	-10
38	1	-10
39	1	-10
40	3	-8
41	1	-10
42	8	-3
43	1	-10
44	5	-6
45	1	-10
46	1	-10
47	5	-6
48	1	-10
49	1	-10
50	1	-10
51	10	-1
52	1	-10
53	1	-10
54	2	-9
55	1	-10
56	9	-2
57	1	-10
58	1	-10
59	1	-10
60	1	-10
61	1	-10
62	4	-7
63	1	-10
64	1	-10
65	6	-5
66	1	-10
67	1	-10
68	1	-10
69	7	-4
70	1	-10
71	1	-10
72	3	-8
73	1	-10
74	7	-4
75	1	-10
76	3	-8
77	1	-10
78	4	-7
79	1	-10
80	5	-6
81	1	-10
82	4	-7
83	1	-10
84	8	-3
85	1	-10
86	2	-9
87	4	-7
88	1	-10
89	5	-6
90	1	-10
91	1	-10
92	1	-10
93	1	-10
94	8	-3
95	1	-10
96	1	-10
97	3	-8
98	4	-7
99	1	-10
100	2	-9
101	1	-10
102	3	-8
103	1	-10
104	2	-9
105	5	-6
106	7	-4
107	1	-10
108	2	-9
109	2	-9
110	2	-9
111	2	-9
112	5	-6
113	1	-10
114	1	-10
115	1	-10
116	8	-3
117	1	-10
118	11	0
119	1	-10
120	1	-10
121	1	-10
122	1	-10
123	2	-9
124	4	-7
125	1	-10
126	7	-4
127	1	-10
128	1	-10
129	4	-7
130	1	-10
131	3	-8
132	2	-9
133	1	-10
134	1	-10
135	1	-10
136	1	-10
137	2	-9
138	3	-8
139	5	-6
140	1	-10
141	3	-8
142	1	-10
143	2	-9
144	1	-10
145	3	-8
146	1	-10
147	4	-7
148	1	-10
149	5	-6
150	1	-10
151	19	8
152	1	-10
153	3	-8
154	1	-10
155	6	-5
156	1	-10
157	1	-10
158	1	-10
159	2	-9
160	8	-3
161	1	-10
162	3	-8
163	1	-10
164	1	-10
165	1	-10
166	1	-10
167	2	-9
168	5	-6
169	1	-10
170	3	-8
171	2	-9
172	1	-10
173	6	-5
174	1	-10
175	4	-7
176	1	-10
177	10	-1
178	1	-10
179	1	-10
180	5	-6
181	2	-9
182	2	-9
183	1	-10
184	6	-5
185	1	-10
186	1	-10
187	1	-10
188	7	-4
189	1	-10
190	10	-1
191	1	-10
192	2	-9
193	1	-10
194	1	-10
195	6	-5
196	1	-10
197	10	-1
198	1	-10
199	1	-10
Prova	Episode	Reward epsiloni 2 decay 0.995
0	1	-9
1	2	-9
2	10	-1
3	1	-10
4	7	-4
5	1	-10
6	6	-5
7	1	-10
8	3	-8
9	3	-8
10	2	-9
11	2	-9
12	2	-9
13	5	-6
14	1	-10
15	2	-9
16	1	-10
17	2	-9
18	3	-8
19	2	-9
20	1	-10
21	3	-8
22	2	-9
23	2	-9
24	4	-7
25	3	-8
26	1	-10
27	1	-10
28	3	-8
29	1	-10
30	13	2
31	1	-10
32	2	-9
33	1	-10
34	2	-9
35	13	2
36	1	-10
37	3	-8
38	1	-10
39	1	-10
40	3	-8
41	1	-10
42	2	-9
43	11	0
44	1	-10
45	1	-10
46	4	-7
47	1	-10
48	1	-10
49	1	-10
50	4	-7
51	1	-10
52	1	-10
53	1	-10
54	3	-8
55	1	-10
56	4	-7
57	1	-10
58	1	-10
59	1	-10
60	2	-9
61	3	-8
62	6	-5
63	1	-10
64	3	-8
65	1	-10
66	2	-9
67	4	-7
68	1	-10
69	3	-8
70	1	-10
71	2	-9
72	1	-10
73	1	-10
74	1	-10
75	4	-7
76	2	-9
77	2	-9
78	3	-8
79	1	-10
80	1	-10
81	2	-9
82	2	-9
83	1	-10
84	1	-10
85	3	-8
86	2	-9
87	1	-10
88	2	-9
89	4	-7
90	3	-8
91	1	-10
92	1	-10
93	5	-6
94	1	-10
95	1	-10
96	1	-10
97	1	-10
98	1	-10
99	3	-8
100	1	-10
101	4	-7
102	1	-10
103	1	-10
104	2	-9
105	2	-9
106	2	-9
107	2	-9
108	2	-9
109	1	-10
110	1	-10
111	3	-8
112	1	-10
113	1	-10
114	8	-3
115	1	-10
116	1	-10
117	1	-10
118	1	-10
119	3	-8
120	4	-7
121	1	-10
122	2	-9
123	2	-9
124	1	-10
125	1	-10
126	1	-10
127	2	-9
128	1	-10
129	1	-10
130	2	-9
131	1	-10
132	2	-9
133	1	-10
134	3	-8
135	2	-9
136	3	-8
137	1	-10
138	2	-9
139	2	-9
140	2	-9
141	1	-10
142	1	-10
143	1	-10
144	3	-8
145	1	-10
146	3	-8
147	1	-10
148	2	-9
149	2	-9
150	2	-9
151	2	-9
152	3	-8
153	1	-10
154	1	-10
155	2	-9
156	2	-9
157	3	-8
158	2	-9
159	4	-7
160	1	-10
161	1	-10
162	2	-9
163	2	-9
164	1	-10
165	1	-10
166	2	-9
167	3	-8
168	1	-10
169	2	-9
170	2	-9
171	4	-7
172	1	-10
173	2	-9
174	2	-9
175	2	-9
176	2	-9
177	3	-8
178	1	-10
179	3	-8
180	1	-10
181	3	-8
182	1	-10
183	2	-9
184	3	-8
185	1	-10
186	1	-10
187	2	-9
188	2	-9
189	2	-9
190	2	-9
191	2	-9
192	1	-10
193	2	-9
194	2	-9
195	2	-9
196	2	-9
197	3	-8
198	2	-9
199	2	-9
Prova	Episode	Reward
0	3	-7
1	1	-10
2	9	-2
3	1	-10
4	1	-10
5	1	-10
6	2	-9
7	1	-10
8	1	-10
9	2	-9
10	11	0
11	1	-10
12	1	-10
13	2	-9
14	1	-10
15	4	-7
16	1	-10
17	3	-8
18	1	-10
19	7	-4
20	1	-10
21	1	-10
22	1	-10
23	4	-7
24	5	-6
25	1	-10
26	1	-10
27	1	-10
28	3	-8
29	3	-8
30	1	-10
31	5	-6
32	1	-10
33	3	-8
34	3	-8
35	1	-10
36	1	-10
37	2	-9
38	1	-10
39	3	-8
40	2	-9
41	3	-8
42	2	-9
43	2	-9
44	1	-10
45	2	-9
46	2	-9
47	1	-10
48	3	-8
49	3	-8
50	3	-8
51	1	-10
52	1	-10
53	1	-10
54	2	-9
55	2	-9
56	1	-10
57	2	-9
58	1	-10
59	2	-9
60	1	-10
61	1	-10
62	2	-9
63	1	-10
64	1	-10
65	2	-9
66	2	-9
67	2	-9
68	1	-10
69	3	-8
70	1	-10
71	1	-10
72	1	-10
73	2	-9
74	2	-9
75	1	-10
76	3	-8
77	1	-10
78	1	-10
79	3	-8
80	1	-10
81	2	-9
82	2	-9
83	3	-8
84	1	-10
85	1	-10
86	4	-7
87	1	-10
88	1	-10
89	2	-9
90	2	-9
91	1	-10
92	2	-9
93	2	-9
94	2	-9
95	4	-7
96	2	-9
97	1	-10
98	1	-10
99	2	-9
100	2	-9
101	1	-10
102	2	-9
103	2	-9
104	3	-8
105	1	-10
106	2	-9
107	2	-9
108	2	-9
109	3	-8
110	2	-9
111	1	-10
112	4	-7
113	1	-10
114	2	-9
115	2	-9
116	2	-9
117	4	-7
118	1	-10
119	4	-7
120	1	-10
121	1	-10
122	2	-9
123	4	-7
124	1	-10
125	2	-9
126	2	-9
127	2	-9
128	2	-9
129	2	-9
130	2	-9
131	5	-6
132	1	-10
133	2	-9
134	2	-9
135	2	-9
136	3	-8
137	2	-9
138	2	-9
139	2	-9
140	3	-8
141	1	-10
142	2	-9
143	2	-9
144	2	-9
145	2	-9
146	2	-9
147	2	-9
148	2	-9
149	1	-10
150	1	-10
151	1	-10
152	2	-9
153	2	-9
154	1	-10
155	1	-10
156	3	-8
157	2	-9
158	2	-9
159	1	-10
160	2	-9
161	2	-9
162	2	-9
163	1	-10
164	1	-10
165	2	-9
166	2	-9
167	2	-9
168	2	-9
169	2	-9
170	2	-9
171	2	-9
172	2	-9
173	2	-9
174	2	-9
175	2	-9
176	2	-9
177	2	-9
178	1	-10
179	1	-10
180	2	-9
181	2	-9
182	2	-9
183	2	-9
184	2	-9
185	1	-10
186	2	-9
187	2	-9
188	3	-8
189	1	-10
190	3	-8
191	1	-10
192	2	-9
193	2	-9
194	2	-9
195	2	-9
196	2	-9
197	2	-9
198	3	-8
199	1	-10
Prova	Episode	Reward
0	2	-8
1	6	-5
2	1	-10
3	7	-4
4	1	-10
5	1	-10
6	8	-3
7	1	-10
8	10	-1
9	1	-10
10	1	-10
11	1	-10
12	5	-6
13	5	-6
14	1	-10
15	1	-10
16	1	-10
17	6	-5
18	1	-10
19	3	-8
20	2	-9
21	2	-9
22	4	-7
23	1	-10
24	3	-8
25	1	-10
26	1	-10
27	5	-6
28	1	-10
29	2	-9
30	2	-9
31	5	-6
32	1	-10
33	1	-10
34	1	-10
35	2	-9
36	1	-10
37	2	-9
38	1	-10
39	2	-9
40	1	-10
41	4	-7
42	1	-10
43	2	-9
44	2	-9
45	1	-10
46	7	-4
47	1	-10
48	2	-9
49	1	-10
50	1	-10
51	2	-9
52	5	-6
53	1	-10
54	1	-10
55	2	-9
56	2	-9
57	2	-9
58	4	-7
59	1	-10
60	2	-9
61	1	-10
62	2	-9
63	2	-9
64	1	-10
65	1	-10
66	2	-9
67	2	-9
68	2	-9
69	2	-9
70	2	-9
71	5	-6
72	1	-10
73	2	-9
74	1	-10
75	2	-9
76	1	-10
77	1	-10
78	3	-8
79	1	-10
80	1	-10
81	1	-10
82	3	-8
83	2	-9
84	1	-10
85	4	-7
86	1	-10
87	2	-9
88	2	-9
89	2	-9
90	2	-9
91	1	-10
92	2	-9
93	3	-8
94	2	-9
95	2	-9
96	2	-9
97	2	-9
98	2	-9
99	1	-10
100	1	-10
101	2	-9
102	1	-10
103	3	-8
104	1	-10
105	1	-10
106	1	-10
107	4	-7
108	2	-9
109	2	-9
110	2	-9
111	3	-8
112	2	-9
113	1	-10
114	1	-10
115	2	-9
116	2	-9
117	2	-9
118	2	-9
119	3	-8
120	3	-8
121	1	-10
122	2	-9
123	3	-8
124	1	-10
125	1	-10
126	2	-9
127	2	-9
128	2	-9
129	2	-9
130	2	-9
131	2	-9
132	2	-9
133	1	-10
134	2	-9
135	2	-9
136	2	-9
137	2	-9
138	2	-9
139	2	-9
140	2	-9
141	1	-10
142	2	-9
143	2	-9
144	2	-9
145	1	-10
146	2	-9
147	1	-10
148	1	-10
149	2	-9
150	2	-9
151	2	-9
152	2	-9
153	2	-9
154	2	-9
155	2	-9
156	2	-9
157	2	-9
158	2	-9
159	2	-9
160	2	-9
161	3	-8
162	1	-10
163	2	-9
164	2	-9
165	3	-8
166	2	-9
167	2	-9
168	2	-9
169	2	-9
170	2	-9
171	2	-9
172	1	-10
173	1	-10
174	2	-9
175	2	-9
176	2	-9
177	2	-9
178	2	-9
179	2	-9
180	2	-9
181	2	-9
182	2	-9
183	1	-10
184	1	-10
185	2	-9
186	2	-9
187	2	-9
188	1	-10
189	3	-8
190	1	-10
191	2	-9
192	2	-9
193	2	-9
194	2	-9
195	2	-9
196	1	-10
197	2	-9
198	2	-9
199	2	-9
200	2	-9
201	1	-10
202	2	-9
203	2	-9
204	2	-9
205	2	-9
206	2	-9
207	2	-9
208	2	-9
209	2	-9
210	2	-9
211	2	-9
212	2	-9
213	2	-9
214	2	-9
215	2	-9
216	2	-9
217	2	-9
218	2	-9
219	2	-9
220	2	-9
221	2	-9
222	2	-9
223	2	-9
224	2	-9
225	2	-9
226	2	-9
227	1	-10
228	2	-9
229	2	-9
230	2	-9
231	1	-10
232	2	-9
233	2	-9
234	3	-8
235	2	-9
236	2	-9
237	2	-9
238	2	-9
239	2	-9
240	2	-9
241	2	-9
242	2	-9
243	2	-9
244	2	-9
245	2	-9
246	2	-9
247	2	-9
248	2	-9
249	2	-9
250	2	-9
251	2	-9
252	2	-9
253	2	-9
254	3	-8
255	2	-9
256	2	-9
257	2	-9
258	3	-8
259	1	-10
260	2	-9
261	2	-9
262	2	-9
263	2	-9
264	2	-9
265	2	-9
266	2	-9
267	2	-9
268	2	-9
269	2	-9
270	2	-9
271	2	-9
272	2	-9
273	2	-9
274	2	-9
275	1	-10
276	2	-9
277	2	-9
278	2	-9
279	2	-9
280	2	-9
281	500	499
282	0	-10
283	1	-10
284	2	-9
285	2	-9
286	2	-9
287	2	-9
288	2	-9
289	2	-9
290	2	-9
291	2	-9
292	2	-9
293	2	-9
294	2	-9
295	2	-9
Prova	Episode	Reward
0	3	-7
1	2	-9
2	4	-7
3	1	-10
4	2	-9
5	5	-6
6	1	-10
7	3	-8
8	1	-10
9	4	-7
10	2	-9
11	4	-7
12	7	-4
13	1	-10
14	1	-10
15	5	-6
16	1	-10
17	1	-10
18	2	-9
19	1	-10
20	1	-10
21	1	-10
22	7	-4
23	1	-10
24	1	-10
25	3	-8
26	1	-10
27	1	-10
28	1	-10
29	2	-9
30	1	-10
31	2	-9
32	2	-9
33	1	-10
34	2	-9
35	1	-10
36	3	-8
37	1	-10
38	2	-9
39	2	-9
40	4	-7
41	2	-9
42	1	-10
43	1	-10
44	3	-8
45	2	-9
46	2	-9
47	2	-9
48	7	-4
49	1	-10
50	1	-10
51	2	-9
52	2	-9
53	2	-9
54	3	-8
55	2	-9
56	1	-10
57	4	-7
58	1	-10
59	5	-6
60	1	-10
61	4	-7
62	1	-10
63	1	-10
64	3	-8
65	2	-9
66	3	-8
67	1	-10
68	3	-8
69	1	-10
70	3	-8
71	1	-10
72	3	-8
73	2	-9
74	1	-10
75	1	-10
76	3	-8
77	1	-10
78	3	-8
79	1	-10
80	2	-9
81	2	-9
82	2	-9
83	4	-7
84	1	-10
85	1	-10
86	2	-9
87	2	-9
88	1	-10
89	2	-9
90	1	-10
91	2	-9
92	3	-8
93	1	-10
94	1	-10
95	1	-10
96	3	-8
97	2	-9
98	2	-9
99	6	-5
100	2	-9
101	1	-10
102	1	-10
103	1	-10
104	1	-10
105	3	-8
106	1	-10
107	2	-9
108	2	-9
109	2	-9
110	2	-9
111	2	-9
112	2	-9
113	3	-8
114	1	-10
115	2	-9
116	2	-9
117	1	-10
118	1	-10
119	2	-9
120	2	-9
121	2	-9
122	2	-9
123	2	-9
124	2	-9
125	2	-9
126	1	-10
127	2	-9
128	2	-9
129	2	-9
130	2	-9
131	3	-8
132	2	-9
133	2	-9
134	2	-9
135	1	-10
136	2	-9
137	2	-9
138	1	-10
139	2	-9
140	2	-9
141	2	-9
142	2	-9
143	3	-8
144	1	-10
145	2	-9
146	1	-10
147	1	-10
148	2	-9
149	2	-9
150	2	-9
151	2	-9
152	1	-10
153	1	-10
154	2	-9
155	2	-9
156	2	-9
157	2	-9
158	2	-9
159	2	-9
160	2	-9
161	2	-9
162	2	-9
163	2	-9
164	2	-9
165	2	-9
166	2	-9
167	2	-9
168	2	-9
169	2	-9
170	2	-9
171	2	-9
172	2	-9
173	2	-9
174	2	-9
175	2	-9
176	2	-9
177	3	-8
178	2	-9
179	2	-9
180	2	-9
181	2	-9
182	2	-9
183	2	-9
184	2	-9
185	2	-9
186	2	-9
187	2	-9
188	2	-9
189	3	-8
190	2	-9
191	2	-9
192	1	-10
193	1	-10
194	2	-9
195	3	-8
196	2	-9
197	2	-9
198	2	-9
199	2	-9
200	2	-9
201	2	-9
202	1	-10
203	2	-9
204	2	-9
205	2	-9
206	2	-9
207	1	-10
208	2	-9
209	2	-9
210	2	-9
211	2	-9
212	2	-9
213	2	-9
214	1	-10
215	1	-10
216	2	-9
217	2	-9
218	2	-9
219	2	-9
220	2	-9
221	2	-9
222	2	-9
223	2	-9
224	2	-9
225	2	-9
226	2	-9
227	2	-9
228	1	-10
229	1	-10
230	2	-9
231	2	-9
232	2	-9
233	1	-10
234	2	-9
235	2	-9
236	2	-9
237	2	-9
238	2	-9
239	2	-9
240	2	-9
241	2	-9
242	3	-8
243	2	-9
244	3	-8
245	1	-10
246	3	-8
247	1	-10
248	2	-9
249	2	-9
250	2	-9
251	2	-9
252	2	-9
253	2	-9
254	2	-9
255	2	-9
256	2	-9
257	2	-9
258	2	-9
259	2	-9
260	2	-9
261	2	-9
262	2	-9
263	2	-9
264	1	-10
265	1	-10
266	2	-9
267	2	-9
268	2	-9
269	2	-9
270	2	-9
271	2	-9
272	2	-9
273	2	-9
274	2	-9
275	2	-9
276	2	-9
277	2	-9
278	2	-9
279	2	-9
280	2	-9
281	500	499
282	0	-10
283	1	-10
284	2	-9
285	2	-9
286	2	-9
287	2	-9
288	2	-9
289	2	-9
290	2	-9
291	2	-9
292	2	-9
293	2	-9
294	2	-9
295	2	-9
Prova	Episode	Reward
0	4	-6
1	2	-9
2	1	-10
3	3	-8
4	8	-3
5	1	-10
6	4	-7
7	1	-10
8	9	-2
9	1	-10
10	1	-10
11	1	-10
12	7	-4
13	1	-10
14	2	-9
15	4	-7
16	1	-10
17	2	-9
18	1	-10
19	2	-9
20	2	-9
21	2	-9
22	6	-5
23	1	-10
24	2	-9
25	1	-10
26	2	-9
27	1	-10
28	6	-5
29	1	-10
30	1	-10
31	3	-8
32	3	-8
33	1	-10
34	1	-10
35	2	-9
36	6	-5
37	1	-10
38	2	-9
39	1	-10
40	3	-8
41	1	-10
42	2	-9
43	2	-9
44	1	-10
45	2	-9
46	3	-8
47	1	-10
48	1	-10
49	2	-9
50	5	-6
51	1	-10
52	7	-4
53	1	-10
54	1	-10
55	2	-9
56	3	-8
57	1	-10
58	1	-10
59	1	-10
60	2	-9
61	2	-9
62	2	-9
63	2	-9
64	2	-9
65	1	-10
66	1	-10
67	2	-9
68	1	-10
69	1	-10
70	4	-7
71	1	-10
72	1	-10
73	2	-9
74	3	-8
75	2	-9
76	2	-9
77	2	-9
78	2	-9
79	1	-10
80	1	-10
81	2	-9
82	2	-9
83	3	-8
84	2	-9
85	3	-8
86	1	-10
87	2	-9
88	2	-9
89	1	-10
90	2	-9
91	2	-9
92	1	-10
93	4	-7
94	1	-10
95	1	-10
96	2	-9
97	2	-9
98	3	-8
99	2	-9
100	2	-9
101	2	-9
102	1	-10
103	2	-9
104	3	-8
105	1	-10
106	2	-9
107	2	-9
108	2	-9
109	2	-9
110	1	-10
111	2	-9
112	2	-9
113	2	-9
114	1	-10
115	2	-9
116	2	-9
117	2	-9
118	1	-10
119	2	-9
120	4	-7
121	1	-10
122	3	-8
123	1	-10
124	2	-9
125	1	-10
126	2	-9
127	2	-9
128	2	-9
129	2	-9
130	1	-10
131	2	-9
132	2	-9
133	2	-9
134	3	-8
135	1	-10
136	1	-10
137	2	-9
138	1	-10
139	3	-8
140	1	-10
141	2	-9
142	2	-9
143	2	-9
144	2	-9
145	2	-9
146	1	-10
147	2	-9
148	2	-9
149	2	-9
150	2	-9
151	2	-9
152	3	-8
153	2	-9
154	2	-9
155	1	-10
156	1	-10
157	2	-9
158	2	-9
159	2	-9
160	2	-9
161	3	-8
162	2	-9
163	1	-10
164	1	-10
165	3	-8
166	1	-10
167	1	-10
168	2	-9
169	2	-9
170	2	-9
171	2	-9
172	2	-9
173	2	-9
174	2	-9
175	2	-9
176	2	-9
177	2	-9
178	2	-9
179	2	-9
180	2	-9
181	2	-9
182	2	-9
183	2	-9
184	2	-9
185	2	-9
186	2	-9
187	2	-9
188	2	-9
189	2	-9
190	2	-9
191	2	-9
192	2	-9
193	2	-9
194	2	-9
195	2	-9
196	3	-8
197	1	-10
198	2	-9
199	1	-10
200	2	-9
201	2	-9
202	2	-9
203	2	-9
204	2	-9
205	1	-10
206	2	-9
Prova	Episode	Reward
0	1	-9
1	4	-7
2	1	-10
Prova	Episode	Reward
0	1	-9
1	11	0
2	1	-10
3	1	-10
4	1	-10
5	2	-9
6	1	-10
7	1	-10
8	1	-10
9	3	-8
10	7	-4
Prova	Episode	Reward state jane vetem kendet
0	1	-9
1	2	-9
2	6	-5
3	1	-10
4	1	-10
5	1	-10
6	2	-9
7	6	-5
8	1	-10
9	1	-10
10	1	-10
11	1	-10
12	3	-8
13	1	-10
14	2	-9
15	1	-10
16	2	-9
17	2	-9
18	4	-7
19	3	-8
20	1	-10
21	1	-10
22	1	-10
23	1	-10
24	8	-3
25	1	-10
26	1	-10
27	1	-10
28	4	-7
29	1	-10
30	4	-7
31	2	-9
32	1	-10
33	1	-10
34	2	-9
35	1	-10
36	1	-10
37	1	-10
38	4	-7
39	1	-10
40	1	-10
41	3	-8
42	3	-8
43	1	-10
44	1	-10
45	2	-9
46	1	-10
47	1	-10
48	3	-8
49	1	-10
50	2	-9
51	1	-10
52	2	-9
53	1	-10
54	1	-10
55	2	-9
56	2	-9
57	1	-10
58	3	-8
59	1	-10
60	1	-10
61	2	-9
62	2	-9
63	3	-8
64	1	-10
65	2	-9
66	3	-8
67	4	-7
68	1	-10
69	3	-8
70	1	-10
71	2	-9
72	2	-9
73	1	-10
74	2	-9
75	1	-10
76	2	-9
77	2	-9
78	2	-9
79	1	-10
80	3	-8
81	1	-10
82	2	-9
83	2	-9
84	2	-9
85	2	-9
86	2	-9
87	2	-9
88	1	-10
89	2	-9
90	3	-8
91	1	-10
92	1	-10
93	2	-9
94	1	-10
95	2	-9
96	1	-10
97	2	-9
98	2	-9
99	2	-9
100	2	-9
101	2	-9
102	2	-9
103	2	-9
104	2	-9
105	4	-7
106	1	-10
107	2	-9
108	1	-10
109	3	-8
110	3	-8
111	2	-9
112	2	-9
113	2	-9
114	2	-9
115	2	-9
116	3	-8
117	1	-10
118	3	-8
119	2	-9
120	1	-10
121	1	-10
122	2	-9
123	2	-9
124	2	-9
125	3	-8
126	2	-9
127	1	-10
128	2	-9
129	2	-9
130	2	-9
131	2	-9
132	2	-9
133	2	-9
134	2	-9
135	2	-9
136	2	-9
137	1	-10
138	5	-6
139	1	-10
140	2	-9
141	2	-9
142	3	-8
143	1	-10
144	2	-9
145	2	-9
146	2	-9
147	2	-9
148	2	-9
149	2	-9
150	2	-9
151	2	-9
152	2	-9
153	2	-9
154	2	-9
155	2	-9
156	1	-10
157	1	-10
158	2	-9
159	2	-9
160	2	-9
161	2	-9
162	2	-9
163	2	-9
164	2	-9
165	2	-9
166	2	-9
167	2	-9
168	2	-9
169	2	-9
170	2	-9
171	2	-9
172	2	-9
173	1	-10
174	2	-9
175	2	-9
176	2	-9
177	2	-9
178	2	-9
179	1	-10
180	2	-9
181	2	-9
182	2	-9
183	2	-9
184	2	-9
185	2	-9
186	2	-9
187	2	-9
188	1	-10
189	2	-9
190	1	-10
191	1	-10
192	2	-9
193	2	-9
194	3	-8
195	1	-10
196	2	-9
197	3	-8
198	1	-10
199	2	-9
200	3	-8
201	2	-9
202	1	-10
203	2	-9
204	2	-9
205	2	-9
206	2	-9
Prova	Episode	Reward
0	1	-9
1	2	-9
2	5	-6
3	2	-9
4	5	-6
5	1	-10
6	4	-7
7	1	-10
8	1	-10
9	6	-5
10	1	-10
11	3	-8
Prova	Episode	Reward
0	1	-9
1	2	-9
2	1	-10
3	6	-5
4	1	-10
5	1	-10
6	1	-10
Prova	Episode	Reward
0	1	-9
1	3	-8
2	5	-6
3	1	-10
4	1	-10
Prova	Episode	Reward
0	2	-8
1	11	0
2	1	-10
3	6	-5
4	1	-10
5	1	-10
6	1	-10
7	1	-10
8	1	-10
9	2	-9
10	8	-3
11	1	-10
12	1	-10
13	3	-8
14	3	-8
15	1	-10
16	1	-10
17	2	-9
18	2	-9
19	3	-8
20	1	-10
21	4	-7
22	1	-10
23	2	-9
24	3	-8
25	1	-10
26	2	-9
27	2	-9
28	2	-9
29	1	-10
30	1	-10
31	2	-9
32	2	-9
33	2	-9
34	2	-9
35	1	-10
36	1	-10
37	1	-10
38	2	-9
39	3	-8
40	2	-9
41	1	-10
42	3	-8
43	1	-10
44	2	-9
45	2	-9
46	2	-9
47	1	-10
48	3	-8
49	1	-10
50	3	-8
51	2	-9
52	4	-7
53	1	-10
54	1	-10
55	2	-9
56	5	-6
57	1	-10
58	2	-9
59	3	-8
60	4	-7
61	1	-10
62	2	-9
63	2	-9
64	2	-9
65	5	-6
66	1	-10
67	2	-9
68	2	-9
69	2	-9
70	1	-10
71	2	-9
72	1	-10
73	5	-6
74	1	-10
75	2	-9
76	2	-9
77	3	-8
78	1	-10
79	2	-9
80	2	-9
81	3	-8
82	1	-10
83	1	-10
84	2	-9
85	2	-9
86	2	-9
87	2	-9
88	1	-10
89	3	-8
90	1	-10
91	1	-10
92	3	-8
93	2	-9
94	1	-10
95	3	-8
96	2	-9
97	4	-7
98	3	-8
99	1	-10
100	1	-10
101	2	-9
102	2	-9
103	2	-9
104	1	-10
105	2	-9
106	2	-9
107	2	-9
108	2	-9
109	2	-9
110	1	-10
111	2	-9
112	2	-9
113	2	-9
114	3	-8
115	3	-8
116	2	-9
117	3	-8
118	1	-10
119	2	-9
120	3	-8
121	3	-8
122	1	-10
123	2	-9
124	2	-9
125	2	-9
126	3	-8
127	1	-10
128	2	-9
129	2	-9
130	2	-9
131	1	-10
132	3	-8
133	2	-9
134	1	-10
135	2	-9
136	2	-9
137	1	-10
138	2	-9
139	2	-9
140	1	-10
141	1	-10
142	2	-9
143	2	-9
144	2	-9
145	2	-9
146	1	-10
147	1	-10
148	2	-9
149	2	-9
150	2	-9
151	2	-9
152	2	-9
153	2	-9
154	2	-9
155	2	-9
156	2	-9
157	2	-9
158	2	-9
159	3	-8
160	1	-10
161	2	-9
162	2	-9
163	2	-9
164	1	-10
165	3	-8
166	2	-9
167	2	-9
168	2	-9
169	2	-9
170	2	-9
171	1	-10
172	1	-10
173	2	-9
174	2	-9
175	2	-9
176	2	-9
177	2	-9
178	3	-8
179	1	-10
180	2	-9
181	2	-9
182	3	-8
183	3	-8
184	1	-10
185	1	-10
186	2	-9
187	2	-9
188	2	-9
189	2	-9
190	2	-9
191	2	-9
192	3	-8
193	2	-9
194	1	-10
195	2	-9
196	2	-9
197	2	-9
198	2	-9
199	2	-9
200	2	-9
201	2	-9
202	2	-9
203	2	-9
204	2	-9
205	2	-9
206	2	-9
Prova	Episode	Reward
0	1	-9
1	2	-9
2	1	-10
3	10	-1
4	1	-10
5	3	-8
6	2	-9
7	1	-10
8	2	-9
9	2	-9
10	2	-9
11	2	-9
12	2	-9
13	1	-10
14	2	-9
15	5	-6
16	1	-10
17	2	-9
18	1	-10
19	4	-7
20	1	-10
21	1	-10
22	5	-6
23	1	-10
24	2	-9
25	3	-8
26	3	-8
27	1	-10
28	2	-9
29	4	-7
30	1	-10
31	1	-10
32	2	-9
33	1	-10
34	1	-10
35	1	-10
36	3	-8
37	2	-9
38	1	-10
39	1	-10
40	2	-9
41	1	-10
42	1	-10
43	2	-9
44	1	-10
45	4	-7
46	1	-10
47	4	-7
48	3	-8
49	1	-10
50	1	-10
51	2	-9
52	1	-10
53	2	-9
54	1	-10
55	1	-10
56	3	-8
57	2	-9
58	4	-7
59	1	-10
60	2	-9
61	2	-9
62	1	-10
63	2	-9
64	2	-9
65	1	-10
66	2	-9
67	2	-9
68	3	-8
69	1	-10
70	2	-9
71	2	-9
72	1	-10
73	3	-8
74	4	-7
75	1	-10
76	3	-8
77	2	-9
78	2	-9
79	3	-8
80	1	-10
81	3	-8
82	1	-10
83	2	-9
84	3	-8
85	1	-10
86	1	-10
87	3	-8
88	4	-7
89	1	-10
90	2	-9
91	3	-8
92	3	-8
93	3	-8
94	1	-10
95	2	-9
96	2	-9
97	2	-9
98	2	-9
99	2	-9
100	2	-9
101	4	-7
102	1	-10
103	1	-10
104	3	-8
105	1	-10
106	3	-8
107	1	-10
108	2	-9
109	2	-9
110	2	-9
111	1	-10
112	3	-8
113	1	-10
114	2	-9
115	2	-9
116	3	-8
117	3	-8
118	2	-9
119	2	-9
120	2	-9
121	1	-10
122	2	-9
123	2	-9
124	1	-10
125	2	-9
126	2	-9
127	2	-9
128	1	-10
129	1	-10
130	2	-9
131	2	-9
132	2	-9
133	1	-10
134	2	-9
135	1	-10
136	2	-9
137	2	-9
138	2	-9
139	2	-9
140	2	-9
141	2	-9
142	2	-9
143	2	-9
144	2	-9
145	2	-9
146	2	-9
147	2	-9
148	2	-9
149	2	-9
150	2	-9
151	2	-9
152	2	-9
153	3	-8
154	1	-10
155	2	-9
156	2	-9
157	2	-9
158	2	-9
159	1	-10
160	2	-9
161	1	-10
162	2	-9
163	2	-9
164	1	-10
165	3	-8
166	1	-10
167	3	-8
168	1	-10
169	2	-9
170	2	-9
171	1	-10
172	2	-9
173	2	-9
174	2	-9
175	2	-9
176	2	-9
177	2	-9
178	2	-9
179	2	-9
180	2	-9
181	1	-10
182	2	-9
183	2	-9
184	2	-9
185	2	-9
186	1	-10
187	2	-9
188	2	-9
189	2	-9
190	2	-9
191	2	-9
192	2	-9
193	2	-9
194	2	-9
195	2	-9
196	1	-10
197	1	-10
198	2	-9
199	2	-9
200	2	-9
201	2	-9
202	3	-8
203	1	-10
204	2	-9
205	2	-9
206	2	-9
207	2	-9
208	2	-9
209	2	-9
210	4	-7
211	1	-10
212	2	-9
213	1	-10
214	1	-10
215	2	-9
216	1	-10
217	1	-10
218	3	-8
219	1	-10
220	2	-9
221	2	-9
222	2	-9
223	2	-9
224	2	-9
225	2	-9
226	2	-9
227	2	-9
228	2	-9
229	1	-10
230	2	-9
231	2	-9
232	2	-9
233	2	-9
234	2	-9
235	2	-9
236	2	-9
237	2	-9
238	2	-9
239	2	-9
240	2	-9
241	2	-9
242	2	-9
243	1	-10
244	1	-10
245	2	-9
246	2	-9
247	1	-10
248	2	-9
249	2	-9
250	2	-9
251	2	-9
252	2	-9
253	2	-9
254	2	-9
255	1	-10
256	2	-9
257	1	-10
258	1	-10
259	2	-9
260	2	-9
261	2	-9
262	2	-9
263	2	-9
264	2	-9
265	2	-9
266	2	-9
267	2	-9
268	2	-9
269	2	-9
270	2	-9
271	2	-9
272	2	-9
273	2	-9
274	2	-9
275	2	-9
276	2	-9
277	3	-8
278	1	-10
279	1	-10
280	1	-10
281	500	499
282	0	-10
283	2	-9
284	2	-9
285	2	-9
286	2	-9
287	2	-9
288	2	-9
289	2	-9
290	2	-9
291	2	-9
292	2	-9
293	2	-9
294	2	-9
295	2	-9
Prova	Episode	Reward
0	1	-9
1	1	0
2	2	-8
3	1	0
4	3	-7
5	1	0
6	5	-5
7	1	0
8	8	-2
9	1	0
10	10	0
11	1	0
12	2	-8
13	1	0
14	4	-6
15	1	0
16	2	-8
17	1	0
18	3	-7
19	1	0
20	2	-8
21	1	0
22	2	-8
23	1	0
24	2	-8
25	1	0
26	2	-8
27	1	0
28	2	-8
29	1	0
30	2	-8
31	1	0
32	2	-8
33	1	0
34	2	-8
35	1	0
36	2	-8
37	1	0
38	5	-5
39	1	0
40	3	-7
41	1	0
42	2	-8
43	1	0
44	4	-6
45	1	0
46	3	-7
47	1	0
48	4	-6
49	1	0
50	2	-8
51	1	0
52	2	-8
53	1	0
54	2	-8
55	1	0
56	2	-8
57	1	0
58	2	-8
59	1	0
60	2	-8
61	1	0
62	2	-8
63	1	0
64	2	-8
65	1	0
66	3	-7
67	1	0
68	5	-5
69	1	0
70	2	-8
71	1	0
72	2	-8
73	1	0
74	2	-8
75	1	0
76	3	-7
77	1	0
78	2	-8
79	1	0
80	3	-7
81	1	0
82	2	-8
83	1	0
84	4	-6
85	1	0
86	8	-2
87	1	0
88	2	-8
89	1	0
90	2	-8
91	1	0
92	2	-8
93	1	0
94	2	-8
95	1	0
96	2	-8
97	1	0
98	2	-8
99	1	0
100	3	-7
101	1	0
102	2	-8
103	1	0
104	2	-8
105	1	0
106	2	-8
107	1	0
108	2	-8
109	1	0
110	2	-8
111	1	0
112	2	-8
113	1	0
114	3	-7
115	1	0
116	2	-8
117	1	0
118	3	-7
119	1	0
120	2	-8
121	1	0
122	2	-8
123	1	0
124	2	-8
125	1	0
126	2	-8
127	1	0
128	2	-8
129	1	0
130	3	-7
131	1	0
132	2	-8
133	1	0
134	2	-8
135	1	0
136	2	-8
137	1	0
138	2	-8
139	1	0
140	2	-8
141	1	0
142	3	-7
143	1	0
144	2	-8
145	1	0
146	2	-8
147	1	0
148	2	-8
149	1	0
150	3	-7
151	1	0
152	2	-8
153	1	0
154	2	-8
155	1	0
156	2	-8
157	1	0
158	3	-7
159	1	0
160	2	-8
161	1	0
162	2	-8
163	1	0
164	2	-8
165	1	0
166	2	-8
167	1	0
168	2	-8
169	1	0
170	2	-8
171	1	0
172	2	-8
173	1	0
174	2	-8
175	1	0
176	2	-8
177	1	0
178	2	-8
179	1	0
180	2	-8
181	1	0
182	2	-8
183	1	0
184	2	-8
185	1	0
186	2	-8
187	1	0
188	2	-8
189	1	0
190	2	-8
191	1	0
192	2	-8
193	1	0
194	2	-8
195	1	0
196	2	-8
197	1	0
198	2	-8
199	1	0
200	2	-8
201	1	0
202	2	-8
203	1	0
204	2	-8
205	1	0
206	2	-8
207	1	0
208	2	-8
209	1	0
210	2	-8
211	1	0
212	2	-8
213	1	0
214	2	-8
215	1	0
216	2	-8
217	1	0
218	2	-8
219	1	0
220	2	-8
221	1	0
222	2	-8
223	1	0
224	2	-8
225	1	0
226	2	-8
227	1	0
228	3	-7
229	1	0
230	2	-8
231	1	0
232	2	-8
233	1	0
234	2	-8
235	1	0
236	2	-8
237	1	0
238	2	-8
239	1	0
240	2	-8
241	1	0
242	2	-8
243	1	0
244	2	-8
245	1	0
246	2	-8
247	1	0
248	2	-8
249	1	0
250	2	-8
251	1	0
252	2	-8
253	1	0
254	2	-8
255	1	0
256	2	-8
257	1	0
258	2	-8
259	1	0
260	2	-8
261	1	0
262	2	-8
263	1	0
264	2	-8
265	1	0
266	2	-8
267	1	0
268	2	-8
269	1	0
270	2	-8
271	1	0
272	2	-8
273	1	0
274	2	-8
275	1	0
276	2	-8
277	1	0
278	2	-8
279	1	0
280	2	-8
281	1	0
282	2	-8
283	1	0
284	3	-7
285	1	0
286	2	-8
287	1	0
288	2	-8
289	1	0
290	2	-8
291	1	0
292	2	-8
293	1	0
294	2	-8
295	1	0
Prova	Episode	Reward
0	1	-9
1	1	0
2	6	-4
3	1	0
4	5	-5
5	1	0
6	8	-2
7	1	0
8	4	-6
9	1	0
10	2	-8
11	1	0
12	7	-3
13	1	0
14	2	-8
15	1	0
16	4	-6
17	1	0
18	2	-8
19	1	0
20	2	-8
21	1	0
22	9	-1
23	1	0
24	2	-8
25	1	0
26	2	-8
27	1	0
28	4	-6
29	1	0
30	2	-8
31	1	0
32	3	-7
33	1	0
34	4	-6
35	1	0
36	2	-8
37	1	0
38	2	-8
39	1	0
40	4	-6
41	1	0
42	3	-7
43	1	0
44	2	-8
45	1	0
46	2	-8
47	1	0
48	4	-6
49	1	0
50	3	-7
51	1	0
52	2	-8
53	1	0
54	2	-8
55	1	0
56	3	-7
57	1	0
58	2	-8
59	1	0
60	3	-7
61	1	0
Prova	Episode	Reward
0	57	-351
1	1	0
2	54	-420
3	1	0
4	41	-400
5	1	0
6	45	-429
7	1	0
8	41	-400
9	1	0
10	42	-410
11	1	0
12	38	-425
13	1	0
14	37	-415
15	1	0
16	36	-416
17	1	0
18	36	-394
19	1	0
20	37	-415
21	1	0
22	37	-437
23	1	0
24	35	-417
25	1	0
26	36	-394
27	1	0
28	35	-428
29	1	0
30	36	-427
31	1	0
32	36	-427
33	1	0
34	35	-417
35	1	0
36	35	-428
37	1	0
38	35	-428
39	1	0
40	35	-428
41	1	0
42	35	-428
43	1	0
44	34	-418
45	1	0
46	35	-428
47	1	0
48	35	-428
49	1	0
50	35	-428
51	1	0
52	35	-428
53	1	0
54	35	-428
55	1	0
56	35	-428
57	1	0
58	34	-407
59	1	0
Prova	Episode	Reward
0	59	-426
1	62	-380
2	45	-452
3	45	-397
4	42	-422
5	36	-406
6	37	-405
