self.gamma = 0.85
        self.epsilon = 0.01
        self.epsilon_min = 0.01
        self.epsilon_decay = 0.995
        self.learning_rate = 0.08
        self.tau = .125
batch_size = 48
kendi > 2 * previous angle

Prova	Episode	Reward
0	0	-10
1	1	-10
2	1	-10
3	1	-10
4	3	-8
5	1	-10
6	1	-10
7	1	-10
8	2	-9
9	3	-8
10	1	-10
11	1	-10
12	3	-8
13	3	-8
14	2	-9
15	4	-7
16	4	-7
17	3	-8
18	1	-10
19	2	-9
20	4	-7
21	2	-9
22	2	-9
23	2	-9
24	2	-9
25	2	-9
26	2	-9
27	2	-9
28	2	-9
29	11	0
30	1	-10
31	1	-10
32	1	-10
33	2	-9
34	2	-9
35	3	-8
36	2	-9
37	3	-8
38	2	-9
39	3	-8
40	1	-10
41	1	-10
42	1	-10
43	3	-8
44	1	-10
45	3	-8
46	3	-8
47	1	-10
48	1	-10
49	1	-10
50	1	-10
51	2	-9
52	2	-9
53	2	-9
54	2	-9
55	4	-7
56	1	-10
57	2	-9
58	3	-8
59	3	-8
60	1	-10
61	1	-10
62	2	-9
63	2	-9
64	2	-9
65	2	-9
66	2	-9
67	3	-8
68	1	-10
69	2	-9
70	2	-9
71	2	-9
72	3	-8
73	1	-10
74	2	-9
75	2	-9
76	2	-9
77	2	-9
78	1	-10
79	9	-2
80	1	-10
81	2	-9
82	2	-9
83	1	-10
84	1	-10
85	1	-10
86	4	-7
87	1	-10
88	3	-8
89	1	-10
90	1	-10
91	2	-9
92	2	-9
93	2	-9
94	2	-9
95	4	-7
96	1	-10
97	1	-10
98	2	-9
99	2	-9
100	2	-9
101	2	-9
102	2	-9
103	2	-9
104	2	-9
105	2	-9
106	2	-9
107	2	-9
108	2	-9
109	2	-9
110	2	-9
111	1	-10
112	7	-4
113	1	-10
114	2	-9
115	2	-9
116	8	-3
117	1	-10
118	1	-10
119	1	-10
120	1	-10
121	2	-9
122	2	-9
123	2	-9
124	7	-4
125	2	-9
126	1	-10
127	2	-9
128	2	-9
129	2	-9
130	2	-9
131	1	-10
132	1	-10
133	2	-9
134	2	-9
135	2	-9
136	2	-9
137	4	-7
138	1	-10
139	2	-9
140	2	-9
141	2	-9
142	2	-9
143	6	-5
144	1	-10
145	2	-9
146	2	-9
147	10	-1
148	1	-10
149	2	-9
150	1	-10
151	2	-9
152	2	-9
153	2	-9
154	2	-9
155	2	-9
156	4	-7
157	2	-9
158	2	-9
159	1	-10
160	1	-10
161	2	-9
162	8	-3
163	1	-10
164	2	-9
165	7	-4
166	1	-10
167	3	-8
168	2	-9
169	2	-9
170	2	-9
171	2	-9
172	2	-9
173	2	-9
174	2	-9
175	2	-9
176	2	-9
177	2	-9
178	2	-9
179	2	-9
180	3	-8
181	1	-10
182	2	-9
183	2	-9
184	2	-9
185	3	-8
186	1	-10
187	4	-7
188	1	-10
189	2	-9
190	1	-10
191	2	-9
192	2	-9
193	2	-9
194	4	-7
195	2	-9
196	1	-10
197	1	-10
198	3	-8
199	4	-7
200	1	-10
201	12	1
202	1	-10
203	1	-10
204	1	-10
205	1	-10
206	4	-7
207	1	-10
208	2	-9
209	4	-7
210	1	-10
211	2	-9
212	2	-9
213	1	-10
214	2	-9
215	2	-9
216	2	-9
217	2	-9
218	2	-9
219	2	-9
220	2	-9
221	3	-8
222	1	-10
223	2	-9
224	2	-9
225	2	-9
226	2	-9
227	1	-10
228	2	-9
229	2	-9
230	1	-10
231	1	-10
232	2	-9
233	4	-7
234	2	-9
235	5	-6
236	1	-10
237	9	-2
238	1	-10
239	1	-10
240	1	-10
241	2	-9
242	2	-9
243	2	-9
244	2	-9
245	2	-9
246	3	-8
247	5	-6
248	2	-9
249	2	-9
Prova	Episode	Reward
0	0	-10
1	1	-10
2	2	-9
3	3	-8
4	1	-10
5	1	-10
6	1	-10
7	2	-9
8	2	-9
9	2	-9
10	4	-7
11	1	-10
12	2	-9
13	2	-9
14	2	-9
15	2	-9
16	3	-8
17	1	-10
18	1	-10
19	2	-9
20	2	-9
21	2	-9
22	2	-9
23	5	-6
24	1	-10
25	2	-9
26	3	-8
27	2	-9
28	4	-7
29	2	-9
30	2	-9
31	2	-9
32	2	-9
33	2	-9
34	2	-9
35	2	-9
36	1	-10
37	3	-8
38	2	-9
39	2	-9
40	1	-10
41	2	-9
42	2	-9
43	2	-9
44	2	-9
45	1	-10
46	2	-9
47	1	-10
48	1	-10
49	1	-10
50	3	-8
51	3	-8
52	2	-9
53	2	-9
54	2	-9
55	1	-10
56	4	-7
57	1	-10
58	2	-9
59	2	-9
60	2	-9
61	2	-9
62	2	-9
63	1	-10
64	1	-10
65	2	-9
66	2	-9
67	2	-9
68	5	-6
69	1	-10
70	2	-9
71	3	-8
72	2	-9
73	1	-10
74	1	-10
75	2	-9
76	2	-9
77	2	-9
78	1	-10
79	2	-9
80	2	-9
81	2	-9
82	2	-9
83	2	-9
84	2	-9
85	2	-9
86	2	-9
87	2	-9
88	5	-6
89	1	-10
90	1	-10
91	3	-8
92	2	-9
93	2	-9
94	2	-9
95	2	-9
96	2	-9
97	2	-9
98	2	-9
99	2	-9
100	2	-9
101	2	-9
102	2	-9
103	2	-9
104	3	-8
105	2	-9
106	3	-8
107	2	-9
108	2	-9
109	2	-9
110	3	-8
111	1	-10
112	1	-10
113	2	-9
114	2	-9
115	3	-8
116	2	-9
117	2	-9
118	3	-8
119	1	-10
120	2	-9
121	2	-9
122	3	-8
123	1	-10
124	2	-9
125	2	-9
126	5	-6
127	1	-10
128	1	-10
129	2	-9
130	2	-9
131	2	-9
132	2	-9
133	2	-9
134	2	-9
135	7	-4
136	1	-10
137	2	-9
138	2	-9
139	2	-9
140	2	-9
141	2	-9
142	2	-9
143	2	-9
144	7	-4
145	1	-10
146	3	-8
147	1	-10
148	2	-9
149	2	-9
150	2	-9
151	2	-9
152	2	-9
153	4	-7
154	1	-10
155	2	-9
156	2	-9
157	2	-9
158	2	-9
159	2	-9
160	1	-10
161	2	-9
162	3	-8
163	2	-9
164	2	-9
165	2	-9
166	4	-7
167	1	-10
168	2	-9
169	6	-5
170	1	-10
171	1	-10
172	5	-6
173	1	-10
174	2	-9
175	4	-7
176	1	-10
177	1	-10
178	1	-10
179	2	-9
180	2	-9
181	2	-9
182	2	-9
183	1	-10
184	2	-9
185	2	-9
186	3	-8
187	2	-9
188	2	-9
189	2	-9
190	1	-10
191	1	-10
192	2	-9
193	3	-8
194	2	-9
195	2	-9
196	1	-10
197	3	-8
198	4	-7
199	2	-9
200	2	-9
201	2	-9
202	2	-9
203	1	-10
204	2	-9
205	15	4
206	1	-10
207	2	-9
208	14	3
209	1	-10
210	1	-10
211	2	-9
212	2	-9
213	2	-9
214	5	-6
215	1	-10
216	2	-9
217	1	-10
218	4	-7
219	1	-10
220	2	-9
221	3	-8
222	2	-9
223	2	-9
224	4	-7
225	1	-10
226	1	-10
227	1	-10
228	5	-6
229	1	-10
230	1	-10
231	1	-10
232	2	-9
233	2	-9
234	5	-6
235	1	-10
236	2	-9
237	2	-9
238	2	-9
239	2	-9
240	2	-9
241	2	-9
242	2	-9
243	2	-9
244	1	-10
245	4	-7
246	3	-8
247	3	-8
248	2	-9
249	3	-8
Prova	Episode	Reward
0	0	-10
1	1	-10
2	4	-7
3	9	-2
4	1	-10
5	2	-9
6	2	-9
7	5	-6
8	1	-10
9	1	-10
10	2	-9
11	2	-9
12	3	-8
13	2	-9
14	2	-9
15	3	-8
16	2	-9
17	3	-8
18	2	-9
19	2	-9
20	2	-9
21	11	0
22	1	-10
23	6	-5
24	1	-10
25	3	-8
26	1	-10
27	2	-9
28	2	-9
29	2	-9
30	2	-9
31	2	-9
32	2	-9
33	5	-6
34	3	-8
35	3	-8
36	2	-9
37	8	-3
38	1	-10
39	2	-9
40	1	-10
41	1	-10
42	2	-9
43	2	-9
44	2	-9
45	2	-9
46	2	-9
47	1	-10
48	1	-10
49	4	-7
50	1	-10
51	2	-9
52	1	-10
53	2	-9
54	9	-2
55	1	-10
56	1	-10
57	1	-10
58	2	-9
59	2	-9
60	2	-9
61	6	-5
62	1	-10
63	2	-9
64	2	-9
65	2	-9
66	2	-9
67	9	-2
68	1	-10
69	2	-9
70	4	-7
71	1	-10
72	2	-9
73	14	3
74	1	-10
75	3	-8
76	2	-9
77	6	-5
78	1	-10
79	8	-3
80	1	-10
81	1	-10
82	1	-10
83	4	-7
84	3	-8
85	2	-9
86	2	-9
87	2	-9
88	8	-3
89	2	-9
90	2	-9
91	2	-9
92	2	-9
93	2	-9
94	2	-9
95	3	-8
96	1	-10
97	13	2
98	4	-7
99	1	-10
100	1	-10
101	2	-9
102	3	-8
103	2	-9
104	2	-9
105	2	-9
106	2	-9
107	6	-5
108	1	-10
109	2	-9
110	2	-9
111	21	10
112	1	-10
113	1	-10
114	3	-8
115	10	-1
116	1	-10
117	2	-9
118	8	-3
119	2	-9
120	2	-9
121	2	-9
122	2	-9
123	2	-9
124	2	-9
125	2	-9
126	2	-9
127	1	-10
128	1	-10
129	2	-9
130	2	-9
131	2	-9
132	1	-10
133	1	-10
134	2	-9
135	2	-9
136	9	-2
137	2	-9
138	2	-9
139	2	-9
140	2	-9
141	2	-9
142	1	-10
143	6	-5
144	1	-10
145	1	-10
146	1	-10
147	2	-9
148	2	-9
149	2	-9
150	10	-1
151	1	-10
152	13	2
153	1	-10
154	2	-9
155	1	-10
156	7	-4
157	4	-7
158	2	-9
159	7	-4
160	1	-10
161	5	-6
162	1	-10
163	1	-10
164	2	-9
165	2	-9
166	7	-4
167	1	-10
168	2	-9
169	2	-9
170	1	-10
171	2	-9
172	2	-9
173	2	-9
174	2	-9
175	2	-9
176	2	-9
177	2	-9
178	2	-9
179	2	-9
180	2	-9
181	2	-9
182	7	-4
183	2	-9
184	2	-9
185	2	-9
186	2	-9
187	2	-9
188	2	-9
189	2	-9
190	1	-10
191	5	-6
192	3	-8
193	1	-10
194	1	-10
195	1	-10
196	2	-9
197	6	-5
198	2	-9
199	2	-9
200	2	-9
201	2	-9
202	2	-9
203	2	-9
204	4	-7
205	1	-10
206	2	-9
207	2	-9
208	17	6
209	1	-10
210	2	-9
211	2	-9
212	2	-9
213	11	0
214	1	-10
215	41	30
216	1	-10
217	1	-10
218	3	-8
219	24	13
220	1	-10
221	2	-9
222	2	-9
223	5	-6
224	54	43
225	1	-10
226	1	-10
227	2	-9
228	3	-8
229	9	-2
230	2	-9
231	14	3
232	34	23
233	1	-10
234	1	-10
235	9	-2
236	47	36
237	1	-10
238	1	-10
239	13	2
240	2	-9
241	6	-5
242	34	23
243	1	-10
244	1	-10
245	30	19
246	19	8
247	29	18
248	25	14
249	1	-10
Prova	Episode	Reward
0	0	-10
1	1	-10
2	2	-9
3	10	-1
4	1	-10
5	65	54
6	1	-10
7	12	1
8	1	-10
9	1	-10
10	4	-7
11	16	5
12	1	-10
13	1	-10
14	5	-6
15	21	10
16	41	30
17	1	-10
18	1	-10
19	96	85
20	22	11
21	96	85
22	96	85
23	55	44
24	3	-8
25	1	-10
26	1	-10
27	96	85
28	9	-2
29	96	85
30	93	82
31	2	-9
32	51	40
33	96	85
34	35	24
35	7	-4
36	105	94
37	1	-10
38	1	-10
39	15	4
40	2	-9
41	51	40
42	71	60
43	85	74
44	56	45
45	1	-10
46	1	-10
47	87	76
48	40	29
49	1	-10
50	1	-10
51	37	26
52	1	-10
53	22	11
54	1	-10
55	2	-9
56	1	-10
57	1	-10
58	6	-5
59	1	-10
60	42	31
61	96	85
62	8	-3
63	1	-10
64	3	-8
65	22	11
66	1	-10
67	3	-8
68	2	-9
69	2	-9
70	2	-9
71	2	-9
72	2	-9
73	2	-9
74	3	-8
75	1	-10
76	74	63
77	2	-9
78	51	40
79	57	46
80	50	39
81	25	14
82	2	-9
83	51	40
84	38	27
85	2	-9
86	37	26
87	72	61
88	1	-10
89	1	-10
90	29	18
91	2	-9
92	2	-9
93	7	-4
94	2	-9
95	2	-9
96	2	-9
97	2	-9
98	2	-9
99	2	-9
100	2	-9
101	2	-9
102	2	-9
103	2	-9
104	2	-9
105	2	-9
106	51	40
107	96	85
108	96	85
109	96	85
110	3	-8
111	480	469
112	1	-10
113	1	-10
114	96	85
115	60	49
116	57	46
117	1	-10
118	30	19
119	8	-3
120	2	-9
121	36	25
122	39	28
123	1	-10
124	96	85
125	65	54
126	96	85
127	45	34
128	96	85
129	4	-7
130	28	17
131	1	-10
132	1	-10
133	96	85
134	22	11
135	87	76
136	1	-10
137	1	-10
138	3	-8
139	3	-8
140	1	-10
141	1	-10
142	8	-3
143	5	-6
144	1	-10
145	13	2
146	1	-10
147	35	24
148	1	-10
149	1	-10
150	6	-5
151	8	-3
152	1	-10
153	1	-10
154	6	-5
155	1	-10
156	1	-10
157	6	-5
158	21	10
159	1	-10
160	1	-10
161	14	3
162	1	-10
163	1	-10
164	72	61
165	27	16
166	1	-10
167	2	-9
168	6	-5
169	3	-8
170	2	-9
171	2	-9
172	20	9
173	2	-9
174	2	-9
175	2	-9
176	3	-8
177	2	-9
178	2	-9
179	96	85
180	96	85
181	17	6
182	6	-5
183	123	112
184	1	-10
185	1	-10
186	20	9
187	2	-9
188	51	40
189	96	85
190	96	85
191	78	67
192	2	-9
193	9	-2
194	203	192
195	1	-10
196	1	-10
197	5	-6
198	1	-10
199	2	-9
200	18	7
201	1	-10
202	2	-9
203	4	-7
204	2	-9
205	88	77
206	74	63
207	2	-9
208	51	40
209	48	37
210	2	-9
211	21	10
212	2	-9
213	51	40
214	46	35
215	2	-9
216	51	40
217	69	58
218	6	-5
219	2	-9
220	1	-10
221	1	-10
222	16	5
223	1	-10
224	1	-10
225	96	85
226	96	85
227	74	63
228	73	62
229	1	-10
230	68	57
231	203	192
232	1	-10
233	1	-10
234	96	85
235	95	84
236	2	-9
237	51	40
238	29	18
239	2	-9
240	51	40
241	19	8
242	96	85
243	96	85
244	87	76
245	96	85
246	26	15
247	6	-5
248	3	-8
249	2	-9
Prova	Episode	Reward
0	0	-10
1	1	-10
2	2	-9
3	6	-5
4	96	85
5	62	51
6	2	-9
7	2	-9
8	2	-9
9	2	-9
10	1	-10
11	2	-9
12	2	-9
13	12	1
14	1	-10
15	2	-9
16	51	40
17	82	71
18	96	85
19	96	85
20	96	85
21	96	85
22	26	15
23	2	-9
24	2	-9
25	8	-3
26	2	-9
27	42	31
28	1	-10
29	2	-9
30	2	-9
31	51	40
32	22	11
33	2	-9
34	51	40
35	32	21
36	2	-9
37	47	36
38	31	20
39	1	-10
40	12	1
41	89	78
42	3	-8
43	2	-9
44	31	20
45	104	93
46	1	-10
47	2	-9
48	44	33
49	1	-10
50	81	70
51	1	-10
52	14	3
53	8	-3
54	2	-9
55	2	-9
56	12	1
57	2	-9
58	4	-7
59	96	85
60	96	85
61	96	85
62	96	85
63	7	-4
64	2	-9
65	51	40
66	12	1
67	1	-10
68	33	22
69	1	-10
70	45	34
71	2	-9
72	18	7
73	47	36
74	1	-10
75	1	-10
76	76	65
77	2	-9
78	31	20
79	96	85
80	56	45
81	44	33
82	26	15
83	25	14
84	10	-1
85	1	-10
86	24	13
87	41	30
88	1	-10
89	2	-9
90	51	40
91	96	85
92	2	-9
93	8	-3
94	2	-9
95	96	85
96	88	77
97	42	31
98	96	85
99	96	85
100	39	28
101	67	56
102	93	82
103	6	-5
104	8	-3
105	3	-8
106	45	34
107	2	-9
108	5	-6
109	21	10
110	2	-9
111	2	-9
112	3	-8
113	4	-7
114	2	-9
115	3	-8
116	1	-10
117	30	19
118	2	-9
119	2	-9
120	2	-9
121	6	-5
122	2	-9
123	51	40
124	43	32
125	71	60
126	1	-10
127	1	-10
128	27	16
129	51	40
130	1	-10
131	96	85
132	3	-8
133	13	2
134	2	-9
135	87	76
136	180	169
137	1	-10
138	1	-10
139	96	85
140	51	40
141	2	-9
142	51	40
143	31	20
144	59	48
145	1	-10
146	1	-10
147	2	-9
148	41	30
149	1	-10
150	1	-10
151	50	39
152	1	-10
153	1	-10
154	16	5
155	1	-10
156	5	-6
157	1	-10
158	96	85
159	96	85
160	2	-9
161	3	-8
162	1	-10
163	1	-10
164	96	85
165	22	11
166	48	37
167	1	-10
168	1	-10
169	52	41
170	1	-10
171	1	-10
172	96	85
173	96	85
174	2	-9
175	205	194
176	1	-10
177	1	-10
178	93	82
179	100	89
180	1	-10
181	1	-10
182	96	85
183	96	85
184	64	53
185	2	-9
186	4	-7
187	3	-8
188	2	-9
189	2	-9
190	3	-8
191	1	-10
192	2	-9
193	12	1
194	24	13
195	10	-1
196	2	-9
197	2	-9
198	21	10
199	24	13
200	96	85
201	29	18
202	1	-10
203	35	24
204	9	-2
205	2	-9
206	2	-9
207	7	-4
208	5	-6
209	2	-9
210	2	-9
211	2	-9
212	2	-9
213	1	-10
214	8	-3
215	2	-9
216	64	53
217	2	-9
218	54	43
219	2	-9
220	19	8
221	2	-9
222	2	-9
223	2	-9
224	5	-6
225	2	-9
226	2	-9
227	5	-6
228	2	-9
229	2	-9
230	2	-9
231	2	-9
232	8	-3
233	2	-9
234	51	40
235	41	30
236	102	91
237	1	-10
238	96	85
239	8	-3
240	2	-9
241	51	40
242	32	21
243	268	257
244	1	-10
245	66	55
246	96	85
247	60	49
248	95	84
249	1	-10
