self.state_dimension=2
	self.action_space=4
        self.memory  = deque(maxlen=2000)
        #importojme te dhenat e memorjes
	filehandler = open("remember", 'r') 
	self.memory = pickle.load(filehandler)
        self.gamma = 0.85
	#ishte 50
        self.epsilon = 0.183230327904
        self.epsilon_min = 0.01
        self.epsilon_decay = 0.995
        self.learning_rate = 0.08
        self.tau = .125

Prova	Episode	Reward
0	0	-10
1	1	-10
2	1	-10
3	1	-10
4	4	-7
5	2	-9
6	2	-9
7	2	-9
8	2	-9
9	1	-10
10	2	-9
11	2	-9
12	2	-9
13	4	-7
14	3	-8
15	4	-7
16	3	-8
17	1	-10
18	3	-8
19	2	-9
20	2	-9
21	2	-9
22	3	-8
23	1	-10
24	2	-9
25	1	-10
26	2	-9
27	2	-9
28	2	-9
29	2	-9
30	2	-9
31	3	-8
32	2	-9
33	2	-9
34	2	-9
35	2	-9
36	3	-8
37	3	-8
38	2	-9
39	3	-8
40	1	-10
41	2	-9
42	3	-8
43	2	-9
44	2	-9
45	2	-9
46	2	-9
47	3	-8
48	1	-10
49	2	-9
50	1	-10
51	2	-9
52	6	-5
53	1	-10
54	2	-9
55	2	-9
56	2	-9
57	2	-9
58	3	-8
59	2	-9
60	5	-6
61	2	-9
62	2	-9
63	2	-9
64	1	-10
65	6	-5
66	1	-10
67	1	-10
68	3	-8
69	2	-9
70	1	-10
71	2	-9
72	1	-10
73	2	-9
74	4	-7
75	1	-10
76	1	-10
77	1	-10
78	2	-9
79	2	-9
80	2	-9
81	2	-9
82	2	-9
83	2	-9
84	2	-9
85	2	-9
86	2	-9
87	2	-9
88	2	-9
89	2	-9
90	2	-9
91	2	-9
92	2	-9
93	2	-9
94	2	-9
95	2	-9
96	1	-10
97	4	-7
98	1	-10
99	2	-9
100	1	-10
101	1	-10
102	6	-5
103	1	-10
104	1	-10
105	1	-10
106	1	-10
107	2	-9
108	2	-9
109	3	-8
110	1	-10
111	2	-9
112	3	-8
113	2	-9
114	2	-9
115	2	-9
116	1	-10
117	2	-9
118	2	-9
119	1	-10
120	2	-9
121	4	-7
122	1	-10
123	1	-10
124	2	-9
125	4	-7
126	2	-9
127	2	-9
128	1	-10
129	2	-9
130	2	-9
131	3	-8
132	4	-7
133	1	-10
134	1	-10
135	2	-9
136	2	-9
137	2	-9
138	2	-9
139	2	-9
140	3	-8
141	2	-9
142	2	-9
143	4	-7
144	1	-10
145	1	-10
146	1	-10
147	2	-9
148	1	-10
149	7	-4
150	1	-10
151	2	-9
152	2	-9
153	6	-5
154	1	-10
155	2	-9
156	2	-9
157	2	-9
158	2	-9
159	2	-9
160	2	-9
161	2	-9
162	2	-9
163	2	-9
164	3	-8
165	2	-9
166	2	-9
167	2	-9
168	3	-8
169	2	-9
170	3	-8
171	2	-9
172	2	-9
173	3	-8
174	4	-7
175	2	-9
176	3	-8
177	2	-9
178	2	-9
179	3	-8
180	6	-5
181	1	-10
182	2	-9
183	4	-7
184	1	-10
185	1	-10
186	2	-9
187	2	-9
188	2	-9
189	2	-9
190	2	-9
191	2	-9
192	2	-9
193	1	-10
194	2	-9
195	2	-9
196	2	-9
197	6	-5
198	1	-10
199	1	-10
200	2	-9
201	2	-9
202	7	-4
203	1	-10
204	1	-10
205	2	-9
206	2	-9
207	4	-7
208	1	-10
209	1	-10
210	1	-10
211	2	-9
212	2	-9
213	2	-9
214	4	-7
215	4	-7
216	1	-10
217	1	-10
218	2	-9
219	2	-9
220	2	-9
221	2	-9
222	4	-7
223	1	-10
224	2	-9
225	2	-9
226	2	-9
227	2	-9
228	6	-5
229	1	-10
230	2	-9
231	4	-7
232	1	-10
233	2	-9
234	2	-9
235	4	-7
236	1	-10
237	1	-10
238	4	-7
239	2	-9
240	1	-10
241	5	-6
242	1	-10
243	1	-10
244	2	-9
245	3	-8
246	3	-8
247	3	-8
248	1	-10
249	2	-9
Prova	Episode	Reward
0	0	-10
1	1	-10
2	1	-10
3	5	-6
4	1	-10
5	2	-9
6	1	-10
7	2	-9
8	2	-9
9	2	-9
10	2	-9
11	2	-9
12	2	-9
13	2	-9
14	2	-9
15	2	-9
16	2	-9
17	6	-5
18	1	-10
19	1	-10
20	2	-9
21	2	-9
22	2	-9
23	2	-9
24	2	-9
25	2	-9
26	2	-9
27	2	-9
28	2	-9
29	2	-9
30	2	-9
31	2	-9
32	4	-7
33	1	-10
34	1	-10
35	2	-9
36	1	-10
37	1	-10
38	2	-9
39	1	-10
40	2	-9
41	2	-9
42	2	-9
43	2	-9
44	2	-9
45	2	-9
46	5	-6
47	1	-10
48	2	-9
49	4	-7
50	2	-9
51	2	-9
52	2	-9
53	4	-7
54	1	-10
55	1	-10
56	1	-10
57	2	-9
58	2	-9
59	2	-9
60	4	-7
61	1	-10
62	1	-10
63	4	-7
64	1	-10
65	2	-9
66	2	-9
67	1	-10
68	2	-9
69	2	-9
70	3	-8
71	2	-9
72	1	-10
73	5	-6
74	3	-8
75	2	-9
76	2	-9
77	2	-9
78	2	-9
79	3	-8
80	1	-10
81	2	-9
82	3	-8
83	7	-4
84	1	-10
85	1	-10
86	2	-9
87	4	-7
88	1	-10
89	10	-1
90	1	-10
91	1	-10
92	1	-10
93	3	-8
94	2	-9
95	3	-8
96	1	-10
97	2	-9
98	6	-5
99	1	-10
100	2	-9
101	2	-9
102	2	-9
103	2	-9
104	2	-9
105	3	-8
106	2	-9
107	2	-9
108	2	-9
109	2	-9
110	2	-9
111	1	-10
112	2	-9
113	2	-9
114	2	-9
115	2	-9
116	5	-6
117	1	-10
118	2	-9
119	2	-9
120	1	-10
121	1	-10
122	2	-9
123	2	-9
124	2	-9
125	3	-8
126	2	-9
127	2	-9
128	2	-9
129	3	-8
130	2	-9
131	1	-10
132	2	-9
133	3	-8
134	2	-9
135	8	-3
136	1	-10
137	1	-10
138	1	-10
139	4	-7
140	1	-10
141	2	-9
142	2	-9
143	2	-9
144	3	-8
145	4	-7
146	1	-10
147	1	-10
148	2	-9
149	2	-9
150	4	-7
151	1	-10
152	1	-10
153	2	-9
154	2	-9
155	2	-9
156	2	-9
157	2	-9
158	2	-9
159	4	-7
160	1	-10
161	1	-10
162	4	-7
163	1	-10
164	2	-9
165	2	-9
166	2	-9
167	2	-9
168	2	-9
169	2	-9
170	2	-9
171	2	-9
172	2	-9
173	2	-9
174	2	-9
175	2	-9
176	1	-10
177	1	-10
178	2	-9
179	2	-9
180	2	-9
181	2	-9
182	2	-9
183	2	-9
184	2	-9
185	2	-9
186	3	-8
187	2	-9
188	4	-7
189	2	-9
190	2	-9
191	3	-8
192	2	-9
193	4	-7
194	1	-10
195	4	-7
196	1	-10
197	2	-9
198	2	-9
199	2	-9
200	2	-9
201	2	-9
202	2	-9
203	2	-9
204	5	-6
205	1	-10
206	5	-6
207	1	-10
208	1	-10
209	2	-9
210	2	-9
211	2	-9
212	1	-10
213	1	-10
214	2	-9
215	5	-6
216	1	-10
217	2	-9
218	2	-9
219	3	-8
220	1	-10
221	8	-3
222	1	-10
223	1	-10
224	2	-9
225	2	-9
226	1	-10
227	2	-9
228	2	-9
229	2	-9
230	2	-9
231	3	-8
232	1	-10
233	1	-10
234	2	-9
235	2	-9
236	2	-9
237	2	-9
238	2	-9
239	2	-9
240	10	-1
241	1	-10
242	2	-9
243	2	-9
244	2	-9
245	13	2
246	1	-10
247	1	-10
248	3	-8
249	5	-6
Prova	Episode	Reward
0	0	-10
1	1	-10
2	1	-10
3	1	-10
4	1	-10
5	2	-9
6	5	-6
7	1	-10
8	3	-8
9	1	-10
10	1	-10
11	2	-9
12	2	-9
13	4	-7
14	1	-10
15	1	-10
16	3	-8
17	2	-9
18	2	-9
19	2	-9
20	2	-9
21	2	-9
22	2	-9
23	2	-9
24	2	-9
25	2	-9
26	5	-6
27	1	-10
28	1	-10
29	1	-10
30	1	-10
31	1	-10
32	2	-9
33	2	-9
34	2	-9
35	2	-9
36	2	-9
37	2	-9
38	3	-8
39	1	-10
40	2	-9
41	2	-9
42	1	-10
43	3	-8
44	3	-8
45	2	-9
46	2	-9
47	3	-8
48	3	-8
49	1	-10
50	2	-9
51	2	-9
52	6	-5
53	1	-10
54	3	-8
55	2	-9
56	2	-9
57	3	-8
58	2	-9
59	2	-9
60	2	-9
61	3	-8
62	5	-6
63	1	-10
64	2	-9
65	2	-9
66	2	-9
67	2	-9
68	2	-9
69	1	-10
70	3	-8
71	2	-9
72	5	-6
73	1	-10
74	2	-9
75	2	-9
76	2	-9
77	2	-9
78	3	-8
79	1	-10
80	1	-10
81	1	-10
82	2	-9
83	3	-8
84	2	-9
85	2	-9
86	2	-9
87	2	-9
88	12	1
89	1	-10
90	2	-9
91	2	-9
92	1	-10
93	2	-9
94	2	-9
95	2	-9
96	2	-9
97	2	-9
98	2	-9
99	2	-9
100	2	-9
101	2	-9
102	3	-8
103	3	-8
104	2	-9
105	2	-9
106	2	-9
107	2	-9
108	2	-9
109	2	-9
110	2	-9
111	2	-9
112	3	-8
113	4	-7
114	2	-9
115	1	-10
116	1	-10
117	1	-10
118	2	-9
119	4	-7
120	1	-10
121	1	-10
122	2	-9
123	3	-8
124	2	-9
125	2	-9
126	2	-9
127	2	-9
128	1	-10
129	2	-9
130	2	-9
131	1	-10
132	2	-9
133	2	-9
134	5	-6
135	1	-10
136	2	-9
137	2	-9
138	1	-10
139	2	-9
140	3	-8
141	1	-10
142	2	-9
143	2	-9
144	2	-9
145	2	-9
146	2	-9
147	3	-8
148	3	-8
149	1	-10
150	2	-9
151	2	-9
152	2	-9
153	2	-9
154	1	-10
155	2	-9
156	2	-9
157	2	-9
158	2	-9
159	2	-9
160	2	-9
161	2	-9
162	2	-9
163	2	-9
164	2	-9
165	2	-9
166	2	-9
167	2	-9
168	2	-9
169	2	-9
170	2	-9
171	2	-9
172	2	-9
173	2	-9
174	2	-9
175	3	-8
176	7	-4
177	2	-9
178	2	-9
179	4	-7
180	1	-10
181	7	-4
182	3	-8
183	1	-10
184	1	-10
185	3	-8
186	2	-9
187	2	-9
188	8	-3
189	1	-10
190	2	-9
191	1	-10
192	2	-9
193	2	-9
194	6	-5
195	1	-10
196	1	-10
197	2	-9
198	2	-9
199	3	-8
200	1	-10
201	2	-9
202	5	-6
203	1	-10
204	1	-10
205	1	-10
206	2	-9
207	2	-9
208	4	-7
209	4	-7
210	2	-9
211	1	-10
212	2	-9
213	2	-9
214	2	-9
215	1	-10
216	1	-10
217	25	14
218	1	-10
219	5	-6
220	1	-10
221	2	-9
222	1	-10
223	3	-8
224	2	-9
225	1	-10
226	2	-9
227	2	-9
228	3	-8
229	2	-9
230	3	-8
231	2	-9
232	1	-10
233	14	3
234	1	-10
235	1	-10
236	2	-9
237	8	-3
238	2	-9
239	2	-9
240	2	-9
241	1	-10
242	1	-10
243	2	-9
244	3	-8
245	2	-9
246	4	-7
247	2	-9
248	2	-9
249	4	-7
Prova	Episode	Reward
0	0	-10
1	1	-10
2	2	-9
3	2	-9
4	2	-9
5	3	-8
6	2	-9
7	7	-4
8	1	-10
9	7	-4
10	1	-10
11	2	-9
12	2	-9
13	3	-8
14	2	-9
15	3	-8
16	6	-5
17	1	-10
18	6	-5
19	1	-10
20	1	-10
21	1	-10
22	3	-8
23	2	-9
24	2	-9
25	2	-9
26	3	-8
27	2	-9
28	8	-3
29	1	-10
30	5	-6
31	1	-10
32	6	-5
33	5	-6
34	2	-9
35	2	-9
36	2	-9
37	4	-7
38	2	-9
39	2	-9
40	2	-9
41	2	-9
42	18	7
43	1	-10
44	3	-8
45	4	-7
46	3	-8
47	1	-10
48	1	-10
49	6	-5
50	3	-8
51	1	-10
52	2	-9
53	2	-9
54	1	-10
55	2	-9
56	2	-9
57	2	-9
58	2	-9
59	2	-9
60	1	-10
61	2	-9
62	5	-6
63	1	-10
64	2	-9
65	2	-9
66	4	-7
67	14	3
68	1	-10
69	1	-10
70	2	-9
71	1	-10
72	2	-9
73	2	-9
74	7	-4
75	2	-9
76	16	5
77	1	-10
78	2	-9
79	8	-3
80	2	-9
81	18	7
82	19	8
83	1	-10
84	1	-10
85	1	-10
86	5	-6
87	1	-10
88	4	-7
89	2	-9
90	3	-8
91	1	-10
92	1	-10
93	2	-9
94	2	-9
95	2	-9
96	2	-9
97	2	-9
98	2	-9
99	14	3
100	22	11
101	1	-10
102	2	-9
103	8	-3
104	2	-9
105	6	-5
106	1	-10
107	1	-10
108	5	-6
109	28	17
110	2	-9
111	2	-9
112	2	-9
113	2	-9
114	12	1
115	2	-9
116	4	-7
117	2	-9
118	19	8
119	2	-9
120	7	-4
121	1	-10
122	19	8
123	20	9
124	1	-10
125	2	-9
126	2	-9
127	45	34
128	1	-10
129	1	-10
130	96	85
131	38	27
132	2	-9
133	51	40
134	96	85
135	31	20
136	2	-9
137	47	36
138	2	-9
139	5	-6
140	148	137
141	1	-10
142	1	-10
143	96	85
144	96	85
145	96	85
146	43	32
147	104	93
148	1	-10
149	1	-10
150	15	4
151	2	-9
152	51	40
153	11	0
154	96	85
155	81	70
156	223	212
157	1	-10
158	1	-10
159	96	85
160	96	85
161	96	85
162	96	85
163	84	73
164	2	-9
165	51	40
166	96	85
167	13	2
168	2	-9
169	51	40
170	12	1
171	1	-10
172	2	-9
173	8	-3
174	2	-9
175	51	40
176	32	21
177	1	-10
178	2	-9
179	11	0
180	30	19
181	1	-10
182	1	-10
183	29	18
184	56	45
185	1	-10
186	41	30
187	1	-10
188	1	-10
189	196	185
190	1	-10
191	1	-10
192	48	37
193	96	85
194	87	76
195	221	210
196	1	-10
197	24	13
198	2	-9
199	51	40
200	17	6
201	2	-9
202	51	40
203	67	56
204	3	-8
205	2	-9
206	2	-9
207	39	28
208	18	7
209	2	-9
210	2	-9
211	2	-9
212	2	-9
213	96	85
214	26	15
215	2	-9
216	51	40
217	7	-4
218	2	-9
219	51	40
220	96	85
221	96	85
222	96	85
223	96	85
224	96	85
225	96	85
226	96	85
227	83	72
228	43	32
229	1	-10
230	96	85
231	96	85
232	96	85
233	96	85
234	96	85
235	96	85
236	96	85
237	96	85
238	20	9
239	96	85
240	1	-10
241	1	-10
242	59	48
243	7	-4
244	2	-9
245	51	40
246	8	-3
247	1	-10
248	2	-9
249	51	40
Prova	Episode	Reward
0	0	-10
1	1	-10
2	2	-9
3	51	40
4	1	-10
5	2	-9
6	7	-4
7	4	-7
8	29	18
9	1	-10
10	1	-10
11	12	1
12	2	-9
13	5	-6
14	10	-1
15	58	47
16	1	-10
17	2	-9
18	2	-9
19	1	-10
Prova	Episode	Reward
0	0	-10
1	1	-10
2	2	-9
3	4	-7
4	15	4
5	1	-10
6	1	-10
7	2	-9
8	2	-9
9	2	-9
Prova	Episode	Reward
0	0	-10
1	1	-10
2	2	-9
3	9	-2
4	1	-10
5	26	15
6	1	-10
7	2	-9
8	2	-9
9	2	-9
10	2	-9
11	3	-8
12	3	-8
13	1	-10
14	2	-9
15	10	-1
16	2	-9
17	4	-7
18	2	-9
19	15	4
20	1	-10
21	1	-10
22	2	-9
23	2	-9
24	2	-9
25	11	0
26	1	-10
27	2	-9
28	2	-9
29	4	-7
30	13	2
31	10	-1
32	12	1
33	2	-9
34	23	12
35	2	-9
36	26	15
37	1	-10
38	9	-2
39	6	-5
40	1	-10
41	11	0
42	2	-9
43	3	-8
44	8	-3
45	1	-10
46	1	-10
47	11	0
48	1	-10
49	1	-10
50	19	8
51	2	-9
52	4	-7
53	12	1
54	1	-10
55	1	-10
Prova	Episode	Reward
0	0	-10
1	1	-10
2	1	-10
3	10	-1
4	5	-6
5	2	-9
6	2	-9
7	2	-9
8	2	-9
9	2	-9
10	2	-9
11	2	-9
12	3	-8
13	2	-9
14	2	-9
15	2	-9
16	2	-9
17	7	-4
18	2	-9
19	1	-10
20	2	-9
21	2	-9
22	2	-9
23	6	-5
24	2	-9
25	12	1
26	37	26
27	2	-9
28	2	-9
29	4	-7
30	1	-10
31	1	-10
32	3	-8
33	21	10
34	22	11
35	1	-10
36	1	-10
37	29	18
Prova	Episode	Reward
0	0	-10
1	1	-10
2	8	-3
3	1	-10
4	1	-10
5	1	-10
6	2	-9
Prova	Episode	Reward
0	0	-10
1	1	-10
2	2	-9
3	3	-8
4	1	-10
5	2	-9
6	2	-9
7	6	-5
8	2	-9
9	2	-9
10	7	-4
11	2	-9
12	12	1
13	15	4
14	1	-10
15	1	-10
16	15	4
17	1	-10
18	2	-9
19	6	-5
20	10	-1
21	1	-10
22	5	-6
23	5	-6
24	1	-10
25	1	-10
26	25	14
27	1	-10
28	3	-8
29	2	-9
30	10	-1
31	18	7
32	2	-9
33	2	-9
34	1	-10
35	4	-7
36	1	-10
37	1	-10
Prova	Episode	Reward
0	0	-10
1	1	-10
2	1	-10
3	2	-9
4	2	-9
5	2	-9
6	3	-8
7	2	-9
8	2	-9
9	1	-10
10	11	0
11	1	-10
12	2	-9
13	4	-7
14	2	-9
15	2	-9
16	2	-9
17	2	-9
18	2	-9
19	2	-9
